res_exp_1 38.70967741935484 11.612903225806452 5
res_exp_2 34.83870967741935 10.32258064516129 5
res_exp_3 27.741935483870968 9.032258064516128 5
res_exp_4 30.32258064516129 9.032258064516128 5
res_exp_5 30.32258064516129 9.032258064516128 4
res_exp_6 27.096774193548388 7.741935483870968 5
res_exp_7 27.741935483870968 10.32258064516129 4
res_exp_8 27.096774193548388 9.032258064516128 4
res_exp_9 36.12903225806451 10.32258064516129 5
res_exp_10 29.677419354838708 7.741935483870968 5
res_exp_11 30.967741935483872 9.032258064516128 6
res_exp_12 21.93548387096774 9.032258064516128 5
res_exp_13 23.870967741935484 9.032258064516128 5
res_exp_14 23.225806451612904 9.032258064516128 5
res_exp_15 25.161290322580644 9.032258064516128 5
res_exp_16 24.516129032258064 11.612903225806452 2
res_exp_17 30.32258064516129 10.32258064516129 4
