0.0 -0.0
0.02 3.870967741935484
0.04 5.161290322580645
0.06 6.451612903225806
0.08 7.741935483870968
0.1 7.741935483870968
0.12 9.032258064516128
0.14 9.032258064516128
0.16 9.032258064516128
0.18 9.032258064516128
0.2 10.32258064516129
0.22 10.32258064516129
0.24 10.32258064516129
0.26 10.32258064516129
0.28 11.612903225806452
0.3 11.612903225806452
0.32 11.612903225806452
0.34 11.612903225806452
0.36 11.612903225806452
0.38 12.903225806451612
0.4 12.903225806451612
0.42 12.903225806451612
0.44 12.903225806451612
0.46 12.903225806451612
0.48 12.903225806451612
0.5 12.903225806451612
0.52 14.193548387096774
0.54 14.193548387096774
0.56 14.193548387096774
0.58 14.193548387096774
0.6 14.193548387096774
0.62 14.193548387096774
0.64 14.193548387096774
0.66 15.483870967741936
0.68 15.483870967741936
0.7000000000000001 15.483870967741936
0.72 15.483870967741936
0.74 15.483870967741936
0.76 15.483870967741936
0.78 15.483870967741936
0.8 15.483870967741936
0.8200000000000001 15.483870967741936
0.84 16.774193548387096
0.86 16.774193548387096
0.88 16.774193548387096
0.9 16.774193548387096
0.92 16.774193548387096
0.9400000000000001 16.774193548387096
0.96 16.774193548387096
0.98 16.774193548387096
1.0 16.774193548387096
1.02 18.064516129032256
1.04 18.064516129032256
1.06 18.064516129032256
1.08 18.064516129032256
1.1 18.064516129032256
1.12 18.064516129032256
1.1400000000000001 18.064516129032256
1.16 18.064516129032256
1.18 18.064516129032256
1.2 18.064516129032256
1.22 19.35483870967742
1.24 19.35483870967742
1.26 19.35483870967742
1.28 19.35483870967742
1.3 19.35483870967742
1.32 19.35483870967742
1.34 19.35483870967742
1.36 19.35483870967742
1.3800000000000001 19.35483870967742
1.4000000000000001 19.35483870967742
1.42 19.35483870967742
1.44 19.35483870967742
1.46 20.64516129032258
1.48 20.64516129032258
1.5 20.64516129032258
1.52 20.64516129032258
1.54 20.64516129032258
1.56 20.64516129032258
1.58 20.64516129032258
1.6 20.64516129032258
1.62 20.64516129032258
1.6400000000000001 21.93548387096774
1.6600000000000001 21.93548387096774
1.68 21.93548387096774
1.7 21.93548387096774
1.72 21.93548387096774
1.74 21.93548387096774
1.76 21.93548387096774
1.78 21.93548387096774
1.8 23.225806451612904
1.82 23.225806451612904
1.84 23.225806451612904
1.86 23.225806451612904
1.8800000000000001 24.516129032258064
1.9000000000000001 24.516129032258064
1.92 25.806451612903224
1.94 27.096774193548388
1.96 30.967741935483872
1.98 30.967741935483872
