0.0 -0.0
0.02 1.2903225806451613
0.04 1.2903225806451613
0.06 2.5806451612903225
0.08 2.5806451612903225
0.1 3.870967741935484
0.12 3.870967741935484
0.14 3.870967741935484
0.16 3.870967741935484
0.18 5.161290322580645
0.2 5.161290322580645
0.22 5.161290322580645
0.24 5.161290322580645
0.26 5.161290322580645
0.28 6.451612903225806
0.3 6.451612903225806
0.32 6.451612903225806
0.34 6.451612903225806
0.36 6.451612903225806
0.38 6.451612903225806
0.4 7.741935483870968
0.42 7.741935483870968
0.44 7.741935483870968
0.46 7.741935483870968
0.48 7.741935483870968
0.5 7.741935483870968
0.52 7.741935483870968
0.54 7.741935483870968
0.56 7.741935483870968
0.58 9.032258064516128
0.6 9.032258064516128
0.62 9.032258064516128
0.64 9.032258064516128
0.66 9.032258064516128
0.68 9.032258064516128
0.7000000000000001 10.32258064516129
0.72 10.32258064516129
0.74 10.32258064516129
0.76 10.32258064516129
0.78 10.32258064516129
0.8 10.32258064516129
0.8200000000000001 10.32258064516129
0.84 11.612903225806452
0.86 11.612903225806452
0.88 11.612903225806452
0.9 11.612903225806452
0.92 12.903225806451612
0.9400000000000001 12.903225806451612
0.96 12.903225806451612
0.98 14.193548387096774
1.0 14.193548387096774
1.02 15.483870967741936
1.04 18.064516129032256
1.06 28.387096774193548
1.08 11.612903225806452
1.1 7.741935483870968
1.12 9.032258064516128
1.1400000000000001 7.741935483870968
1.16 11.612903225806452
1.18 6.451612903225806
