0.0 -0.0
0.02 -0.0
0.04 1.2903225806451613
0.06 2.5806451612903225
0.08 2.5806451612903225
0.1 3.870967741935484
0.12 3.870967741935484
0.14 3.870967741935484
0.16 5.161290322580645
0.18 5.161290322580645
0.2 5.161290322580645
0.22 5.161290322580645
0.24 6.451612903225806
0.26 6.451612903225806
0.28 6.451612903225806
0.3 6.451612903225806
0.32 6.451612903225806
0.34 6.451612903225806
0.36 6.451612903225806
0.38 6.451612903225806
0.4 6.451612903225806
0.42 6.451612903225806
0.44 -0.0
0.46 7.741935483870968
0.48 -0.0
0.5 -0.0
0.52 7.741935483870968
0.54 7.741935483870968
0.56 7.741935483870968
0.58 7.741935483870968
0.6 7.741935483870968
0.62 7.741935483870968
0.64 7.741935483870968
0.66 7.741935483870968
0.68 -0.0
0.7000000000000001 1.2903225806451613
0.72 7.741935483870968
0.74 7.741935483870968
0.76 -0.0
0.78 -0.0
0.8 -0.0
0.8200000000000001 9.032258064516128
0.84 9.032258064516128
0.86 9.032258064516128
0.88 -0.0
0.9 -0.0
0.92 2.5806451612903225
0.9400000000000001 2.5806451612903225
0.96 -0.0
0.98 -0.0
1.0 -0.0
1.02 -0.0
1.04 -0.0
1.06 10.32258064516129
1.08 10.32258064516129
1.1 10.32258064516129
1.12 11.612903225806452
1.1400000000000001 10.32258064516129
1.16 11.612903225806452
1.18 -0.0
1.2 -0.0
1.22 10.32258064516129
1.24 11.612903225806452
1.26 11.612903225806452
1.28 11.612903225806452
1.3 11.612903225806452
1.32 11.612903225806452
1.34 11.612903225806452
1.36 -0.0
1.3800000000000001 -0.0
1.4000000000000001 -0.0
1.42 -0.0
1.44 11.612903225806452
1.46 -0.0
1.48 -0.0
1.5 -0.0
1.52 -0.0
1.54 12.903225806451612
1.56 11.612903225806452
1.58 12.903225806451612
1.6 12.903225806451612
1.62 12.903225806451612
1.6400000000000001 12.903225806451612
1.6600000000000001 12.903225806451612
1.68 12.903225806451612
1.7 12.903225806451612
1.72 12.903225806451612
1.74 12.903225806451612
1.76 11.612903225806452
1.78 12.903225806451612
1.8 -0.0
1.82 12.903225806451612
1.84 12.903225806451612
1.86 -0.0
1.8800000000000001 12.903225806451612
1.9000000000000001 12.903225806451612
1.92 12.903225806451612
1.94 12.903225806451612
1.96 12.903225806451612
1.98 12.903225806451612
2.0 12.903225806451612
2.02 12.903225806451612
2.04 12.903225806451612
2.06 12.903225806451612
2.08 12.903225806451612
2.1 12.903225806451612
2.12 12.903225806451612
2.14 12.903225806451612
2.16 12.903225806451612
2.18 12.903225806451612
2.2 12.903225806451612
2.22 12.903225806451612
2.24 12.903225806451612
2.2600000000000002 12.903225806451612
2.2800000000000002 12.903225806451612
2.3000000000000003 12.903225806451612
2.32 12.903225806451612
2.34 12.903225806451612
2.36 12.903225806451612
2.38 12.903225806451612
2.4 12.903225806451612
2.42 12.903225806451612
2.44 14.193548387096774
2.46 14.193548387096774
2.48 -0.0
2.5 -0.0
2.52 -0.0
2.54 16.774193548387096
2.56 -0.0
2.58 16.774193548387096
2.6 16.774193548387096
2.62 16.774193548387096
2.64 16.774193548387096
2.66 16.774193548387096
2.68 16.774193548387096
2.7 16.774193548387096
2.72 16.774193548387096
2.74 16.774193548387096
2.7600000000000002 16.774193548387096
2.7800000000000002 16.774193548387096
2.8000000000000003 16.774193548387096
2.82 16.774193548387096
2.84 16.774193548387096
2.86 16.774193548387096
2.88 16.774193548387096
2.9 16.774193548387096
2.92 16.774193548387096
2.94 16.774193548387096
2.96 16.774193548387096
2.98 16.774193548387096
3.0 16.774193548387096
3.02 16.774193548387096
3.04 16.774193548387096
3.06 16.774193548387096
3.08 16.774193548387096
3.1 16.774193548387096
3.12 16.774193548387096
3.14 16.774193548387096
3.16 16.774193548387096
3.18 16.774193548387096
3.2 18.064516129032256
3.22 16.774193548387096
3.24 16.774193548387096
3.2600000000000002 16.774193548387096
3.2800000000000002 16.774193548387096
3.3000000000000003 18.064516129032256
3.3200000000000003 18.064516129032256
3.34 18.064516129032256
3.36 18.064516129032256
3.38 18.064516129032256
3.4 18.064516129032256
3.42 18.064516129032256
3.44 18.064516129032256
3.46 18.064516129032256
3.48 18.064516129032256
3.5 18.064516129032256
3.52 18.064516129032256
3.54 18.064516129032256
3.56 18.064516129032256
3.58 18.064516129032256
3.6 19.35483870967742
3.62 19.35483870967742
3.64 19.35483870967742
3.66 19.35483870967742
3.68 19.35483870967742
3.7 20.64516129032258
3.72 20.64516129032258
3.74 20.64516129032258
3.7600000000000002 19.35483870967742
3.7800000000000002 19.35483870967742
3.8000000000000003 19.35483870967742
3.8200000000000003 19.35483870967742
3.84 21.93548387096774
3.86 20.64516129032258
3.88 20.64516129032258
3.9 23.225806451612904
3.92 23.225806451612904
3.94 23.225806451612904
3.96 23.225806451612904
3.98 23.225806451612904
4.0 23.225806451612904
4.0200000000000005 23.225806451612904
4.04 23.225806451612904
4.0600000000000005 23.225806451612904
4.08 23.225806451612904
4.1 23.225806451612904
4.12 23.225806451612904
4.14 -0.0
4.16 -0.0
4.18 -0.0
4.2 23.225806451612904
4.22 -0.0
4.24 23.225806451612904
4.26 -0.0
4.28 -0.0
4.3 -0.0
4.32 -0.0
4.34 -0.0
4.36 -0.0
4.38 -0.0
4.4 -0.0
4.42 -0.0
4.44 -0.0
4.46 -0.0
4.48 -0.0
