0.0 0.0
0.02 1.2903225806451613
0.04 3.870967741935484
0.06 5.161290322580645
0.08 5.161290322580645
0.1 6.451612903225806
0.12 6.451612903225806
0.14 7.741935483870968
0.16 7.741935483870968
0.18 7.741935483870968
0.2 7.741935483870968
0.22 9.032258064516128
0.24 9.032258064516128
0.26 9.032258064516128
0.28 9.032258064516128
0.3 10.32258064516129
0.32 10.32258064516129
0.34 10.32258064516129
0.36 11.612903225806452
0.38 11.612903225806452
0.4 11.612903225806452
0.42 11.612903225806452
0.44 12.903225806451612
0.46 12.903225806451612
0.48 14.193548387096774
0.5 14.193548387096774
0.52 14.193548387096774
0.54 15.483870967741936
0.56 15.483870967741936
0.58 15.483870967741936
0.6 15.483870967741936
0.62 16.774193548387096
0.64 16.774193548387096
0.66 16.774193548387096
0.68 18.064516129032256
0.7000000000000001 18.064516129032256
0.72 18.064516129032256
0.74 19.35483870967742
0.76 19.35483870967742
0.78 23.225806451612904
0.8 33.54838709677419