0.0 -0.0
0.02 1.2903225806451613
0.04 1.2903225806451613
0.06 2.5806451612903225
0.08 2.5806451612903225
0.1 2.5806451612903225
0.12 3.870967741935484
0.14 3.870967741935484
0.16 3.870967741935484
0.18 3.870967741935484
0.2 3.870967741935484
0.22 3.870967741935484
0.24 5.161290322580645
0.26 5.161290322580645
0.28 5.161290322580645
0.3 5.161290322580645
0.32 5.161290322580645
0.34 5.161290322580645
0.36 5.161290322580645
0.38 5.161290322580645
0.4 6.451612903225806
0.42 6.451612903225806
0.44 6.451612903225806
0.46 6.451612903225806
0.48 6.451612903225806
0.5 6.451612903225806
0.52 6.451612903225806
0.54 6.451612903225806
0.56 6.451612903225806
0.58 7.741935483870968
0.6 7.741935483870968
0.62 7.741935483870968
0.64 7.741935483870968
0.66 7.741935483870968
0.68 7.741935483870968
0.7000000000000001 7.741935483870968
0.72 9.032258064516128
0.74 9.032258064516128
0.76 9.032258064516128
0.78 10.32258064516129
0.8 10.32258064516129
0.8200000000000001 10.32258064516129
0.84 7.741935483870968
0.86 9.032258064516128
0.88 10.32258064516129
0.9 10.32258064516129
0.92 10.32258064516129
0.9400000000000001 6.451612903225806
0.96 7.741935483870968
0.98 9.032258064516128
