0.0 -0.0
0.02 -0.0
0.04 -0.0
0.06 -0.0
0.08 -0.0
0.1 -0.0
0.12 -0.0
0.14 -0.0
0.16 -0.0
0.18 -0.0
0.2 -0.0
0.22 -0.0
0.24 -0.0
0.26 -0.0
0.28 -0.0
0.3 1.2903225806451613
0.32 1.2903225806451613
0.34 1.2903225806451613
0.36 1.2903225806451613
0.38 2.5806451612903225
0.4 2.5806451612903225
0.42 2.5806451612903225
0.44 3.870967741935484
0.46 3.870967741935484
0.48 5.161290322580645
0.5 6.451612903225806
0.52 9.032258064516128
0.54 9.032258064516128
0.56 7.741935483870968
0.58 7.741935483870968
