0.0 -0.0
0.02 -12.903225806451612
0.04 -12.903225806451612
0.06 -10.32258064516129
0.08 -11.612903225806452
0.1 -10.32258064516129
0.12 -10.32258064516129
0.14 -10.32258064516129
0.16 -9.032258064516128
0.18 -9.032258064516128
0.2 -6.451612903225806
0.22 -5.161290322580645
0.24 -5.161290322580645
0.26 -5.161290322580645
0.28 -5.161290322580645
0.3 -5.161290322580645
0.32 -3.870967741935484
0.34 -3.870967741935484
0.36 -3.870967741935484
0.38 -3.870967741935484
0.4 -3.870967741935484
0.42 -2.5806451612903225
0.44 -2.5806451612903225
0.46 -2.5806451612903225
0.48 -2.5806451612903225
0.5 -2.5806451612903225
0.52 -1.2903225806451613
0.54 -1.2903225806451613
0.56 -0.0
0.58 -0.0
