0.0 -0.0
0.02 2.5806451612903225
0.04 2.5806451612903225
0.06 3.870967741935484
0.08 3.870967741935484
0.1 3.870967741935484
0.12 3.870967741935484
0.14 3.870967741935484
0.16 5.161290322580645
0.18 5.161290322580645
0.2 5.161290322580645
0.22 3.870967741935484
0.24 6.451612903225806
0.26 6.451612903225806
0.28 6.451612903225806
0.3 6.451612903225806
0.32 6.451612903225806
0.34 7.741935483870968
0.36 7.741935483870968
0.38 6.451612903225806
0.4 6.451612903225806
0.42 6.451612903225806
0.44 5.161290322580645
0.46 7.741935483870968
0.48 7.741935483870968
0.5 6.451612903225806
0.52 7.741935483870968
0.54 7.741935483870968
0.56 6.451612903225806
0.58 7.741935483870968
0.6 6.451612903225806
0.62 6.451612903225806
0.64 6.451612903225806
0.66 6.451612903225806
0.68 6.451612903225806
0.7000000000000001 6.451612903225806
0.72 7.741935483870968
0.74 6.451612903225806
0.76 7.741935483870968
0.78 7.741935483870968
0.8 7.741935483870968
0.8200000000000001 9.032258064516128
0.84 7.741935483870968
0.86 7.741935483870968
0.88 7.741935483870968
0.9 7.741935483870968
0.92 7.741935483870968
0.9400000000000001 7.741935483870968
0.96 7.741935483870968
0.98 7.741935483870968
1.0 7.741935483870968
1.02 7.741935483870968
1.04 7.741935483870968
1.06 7.741935483870968
1.08 7.741935483870968
1.1 7.741935483870968
1.12 7.741935483870968
1.1400000000000001 7.741935483870968
1.16 9.032258064516128
1.18 7.741935483870968
1.2 9.032258064516128
1.22 9.032258064516128
1.24 9.032258064516128
1.26 9.032258064516128
1.28 9.032258064516128
1.3 9.032258064516128
1.32 9.032258064516128
1.34 9.032258064516128
1.36 9.032258064516128
1.3800000000000001 9.032258064516128
1.4000000000000001 9.032258064516128
1.42 9.032258064516128
1.44 9.032258064516128
1.46 9.032258064516128
1.48 9.032258064516128
1.5 9.032258064516128
1.52 9.032258064516128
1.54 9.032258064516128
1.56 9.032258064516128
1.58 9.032258064516128
1.6 9.032258064516128
1.62 9.032258064516128
1.6400000000000001 9.032258064516128
1.6600000000000001 9.032258064516128
1.68 9.032258064516128
1.7 9.032258064516128
1.72 9.032258064516128
1.74 10.32258064516129
1.76 9.032258064516128
1.78 10.32258064516129
1.8 11.612903225806452
1.82 12.903225806451612
1.84 11.612903225806452
1.86 11.612903225806452
1.8800000000000001 10.32258064516129
1.9000000000000001 10.32258064516129
1.92 12.903225806451612
1.94 10.32258064516129
1.96 12.903225806451612
1.98 12.903225806451612
2.0 12.903225806451612
2.02 11.612903225806452
2.04 12.903225806451612
2.06 12.903225806451612
2.08 12.903225806451612
2.1 11.612903225806452
2.12 12.903225806451612
2.14 12.903225806451612
2.16 11.612903225806452
2.18 12.903225806451612
2.2 11.612903225806452
2.22 12.903225806451612
2.24 12.903225806451612
2.2600000000000002 11.612903225806452
2.2800000000000002 12.903225806451612
2.3000000000000003 12.903225806451612
2.32 12.903225806451612
2.34 12.903225806451612
2.36 12.903225806451612
2.38 12.903225806451612
2.4 12.903225806451612
2.42 12.903225806451612
2.44 12.903225806451612
2.46 12.903225806451612
2.48 12.903225806451612
2.5 12.903225806451612
2.52 12.903225806451612
2.54 12.903225806451612
2.56 12.903225806451612
2.58 12.903225806451612
2.6 12.903225806451612
2.62 12.903225806451612
2.64 12.903225806451612
2.66 12.903225806451612
2.68 12.903225806451612
2.7 14.193548387096774
2.72 14.193548387096774
2.74 14.193548387096774
2.7600000000000002 14.193548387096774
2.7800000000000002 14.193548387096774
2.8000000000000003 14.193548387096774
2.82 14.193548387096774
2.84 14.193548387096774
2.86 14.193548387096774
2.88 14.193548387096774
2.9 14.193548387096774
2.92 14.193548387096774
2.94 14.193548387096774
2.96 14.193548387096774
2.98 14.193548387096774
3.0 14.193548387096774
3.02 14.193548387096774
3.04 14.193548387096774
3.06 14.193548387096774
3.08 14.193548387096774
3.1 14.193548387096774
3.12 14.193548387096774
3.14 14.193548387096774
3.16 14.193548387096774
3.18 14.193548387096774
3.2 14.193548387096774
3.22 14.193548387096774
3.24 14.193548387096774
3.2600000000000002 14.193548387096774
3.2800000000000002 14.193548387096774
3.3000000000000003 14.193548387096774
3.3200000000000003 15.483870967741936
3.34 15.483870967741936
3.36 15.483870967741936
3.38 14.193548387096774
3.4 15.483870967741936
3.42 15.483870967741936
3.44 15.483870967741936
3.46 15.483870967741936
3.48 15.483870967741936
3.5 15.483870967741936
3.52 15.483870967741936
3.54 15.483870967741936
3.56 15.483870967741936
3.58 15.483870967741936
3.6 15.483870967741936
3.62 15.483870967741936
3.64 15.483870967741936
3.66 15.483870967741936
3.68 15.483870967741936
3.7 15.483870967741936
3.72 15.483870967741936
3.74 15.483870967741936
3.7600000000000002 15.483870967741936
3.7800000000000002 15.483870967741936
3.8000000000000003 15.483870967741936
3.8200000000000003 15.483870967741936
3.84 15.483870967741936
3.86 15.483870967741936
3.88 15.483870967741936
3.9 15.483870967741936
3.92 15.483870967741936
3.94 15.483870967741936
3.96 15.483870967741936
3.98 15.483870967741936
4.0 15.483870967741936
4.0200000000000005 15.483870967741936
4.04 15.483870967741936
4.0600000000000005 15.483870967741936
4.08 15.483870967741936
4.1 15.483870967741936
4.12 15.483870967741936
4.14 15.483870967741936
4.16 15.483870967741936
4.18 15.483870967741936
4.2 15.483870967741936
4.22 15.483870967741936
4.24 16.774193548387096
4.26 16.774193548387096
4.28 16.774193548387096
4.3 16.774193548387096
4.32 16.774193548387096
4.34 15.483870967741936
4.36 16.774193548387096
4.38 16.774193548387096
4.4 16.774193548387096
4.42 16.774193548387096
4.44 16.774193548387096
4.46 16.774193548387096
4.48 16.774193548387096
4.5 16.774193548387096
4.5200000000000005 16.774193548387096
4.54 16.774193548387096
4.5600000000000005 16.774193548387096
4.58 16.774193548387096
4.6000000000000005 16.774193548387096
4.62 16.774193548387096
4.64 16.774193548387096
4.66 16.774193548387096
4.68 16.774193548387096
4.7 16.774193548387096
4.72 16.774193548387096
4.74 16.774193548387096
4.76 16.774193548387096
4.78 16.774193548387096
4.8 16.774193548387096
4.82 16.774193548387096
4.84 18.064516129032256
4.86 18.064516129032256
4.88 18.064516129032256
4.9 18.064516129032256
4.92 18.064516129032256
4.94 18.064516129032256
4.96 18.064516129032256
4.98 18.064516129032256
5.0 18.064516129032256
5.0200000000000005 18.064516129032256
5.04 18.064516129032256
5.0600000000000005 18.064516129032256
5.08 18.064516129032256
5.1000000000000005 18.064516129032256
5.12 18.064516129032256
5.14 18.064516129032256
5.16 18.064516129032256
5.18 18.064516129032256
5.2 18.064516129032256
5.22 18.064516129032256
5.24 18.064516129032256
5.26 18.064516129032256
5.28 18.064516129032256
5.3 18.064516129032256
5.32 19.35483870967742
5.34 19.35483870967742
5.36 19.35483870967742
5.38 19.35483870967742
5.4 19.35483870967742
5.42 19.35483870967742
5.44 19.35483870967742
5.46 19.35483870967742
5.48 19.35483870967742
5.5 19.35483870967742
5.5200000000000005 19.35483870967742
5.54 19.35483870967742
5.5600000000000005 19.35483870967742
5.58 19.35483870967742
5.6000000000000005 15.483870967741936
5.62 16.774193548387096
5.64 24.516129032258064
5.66 24.516129032258064
5.68 27.096774193548388
5.7 23.225806451612904
5.72 23.225806451612904
5.74 23.225806451612904
5.76 23.225806451612904
5.78 23.225806451612904
5.8 23.225806451612904
5.82 23.225806451612904
5.84 23.225806451612904
5.86 23.225806451612904
5.88 23.225806451612904
5.9 23.225806451612904
5.92 23.225806451612904
5.94 23.225806451612904
5.96 21.93548387096774
5.98 23.225806451612904
