0.0 -0.0
0.02 -0.0
0.04 1.2903225806451613
0.06 2.5806451612903225
0.08 3.870967741935484
0.1 3.870967741935484
0.12 2.5806451612903225
0.14 2.5806451612903225
0.16 3.870967741935484
0.18 3.870967741935484
0.2 6.451612903225806
0.22 6.451612903225806
0.24 5.161290322580645
0.26 6.451612903225806
0.28 6.451612903225806
0.3 6.451612903225806
0.32 6.451612903225806
0.34 6.451612903225806
0.36 7.741935483870968
0.38 7.741935483870968
0.4 10.32258064516129
0.42 9.032258064516128
0.44 10.32258064516129
0.46 9.032258064516128
0.48 9.032258064516128
0.5 10.32258064516129
0.52 10.32258064516129
0.54 10.32258064516129
0.56 10.32258064516129
0.58 10.32258064516129
0.6 10.32258064516129
0.62 10.32258064516129
0.64 10.32258064516129
0.66 6.451612903225806
0.68 7.741935483870968
0.7000000000000001 7.741935483870968
0.72 7.741935483870968
0.74 6.451612903225806
0.76 6.451612903225806
0.78 7.741935483870968
