0.000000000000000000e+00 0.000000000000000000e+00
-0.000000000000000000e+00 0.000000000000000000e+00
-0.000000000000000000e+00 0.000000000000000000e+00
-0.000000000000000000e+00 0.000000000000000000e+00
-0.000000000000000000e+00 0.000000000000000000e+00
-0.000000000000000000e+00 0.000000000000000000e+00
-0.000000000000000000e+00 0.000000000000000000e+00
-0.000000000000000000e+00 0.000000000000000000e+00
-0.000000000000000000e+00 0.000000000000000000e+00
-0.000000000000000000e+00 0.000000000000000000e+00
-0.000000000000000000e+00 0.000000000000000000e+00
-0.000000000000000000e+00 0.000000000000000000e+00
-0.000000000000000000e+00 0.000000000000000000e+00
-0.000000000000000000e+00 0.000000000000000000e+00
-0.000000000000000000e+00 0.000000000000000000e+00
-0.000000000000000000e+00 0.000000000000000000e+00
-0.000000000000000000e+00 0.000000000000000000e+00
-0.000000000000000000e+00 0.000000000000000000e+00
-0.000000000000000000e+00 0.000000000000000000e+00
-0.000000000000000000e+00 0.000000000000000000e+00
-0.000000000000000000e+00 0.000000000000000000e+00
-0.000000000000000000e+00 0.000000000000000000e+00
-0.000000000000000000e+00 0.000000000000000000e+00
5.643299999999999705e-02 6.644999999999999865e-03
8.810400000000000176e-02 1.328999999999999973e-02
1.153509999999999952e-01 1.993500000000000133e-02
1.399650000000000061e-01 2.657999999999999946e-02
1.631630000000000025e-01 3.322499999999999759e-02
1.631630000000000025e-01 3.322499999999999759e-02
1.631630000000000025e-01 3.322499999999999759e-02
1.631630000000000025e-01 3.322499999999999759e-02
1.631630000000000025e-01 3.322499999999999759e-02
1.631630000000000025e-01 3.322499999999999759e-02
1.631630000000000025e-01 3.322499999999999759e-02
1.631630000000000025e-01 3.322499999999999759e-02
1.631630000000000025e-01 3.322499999999999759e-02
1.631630000000000025e-01 3.322499999999999759e-02
1.631630000000000025e-01 3.322499999999999759e-02
1.631630000000000025e-01 3.322499999999999759e-02
1.631630000000000025e-01 3.322499999999999759e-02
1.631630000000000025e-01 3.322499999999999759e-02
1.631630000000000025e-01 3.322499999999999759e-02
1.631630000000000025e-01 3.322499999999999759e-02
1.631630000000000025e-01 3.322499999999999759e-02
1.631630000000000025e-01 3.322499999999999759e-02
1.631630000000000025e-01 3.322499999999999759e-02
1.631630000000000025e-01 3.322499999999999759e-02
1.631630000000000025e-01 3.322499999999999759e-02
1.631630000000000025e-01 3.322499999999999759e-02
1.631630000000000025e-01 3.322499999999999759e-02
1.631630000000000025e-01 3.322499999999999759e-02
1.879879999999999884e-01 3.986699999999999966e-02
2.120779999999999887e-01 4.651000000000000273e-02
2.350669999999999982e-01 5.315299999999999886e-02
2.574910000000000254e-01 5.979500000000000093e-02
2.790969999999999840e-01 6.643799999999999706e-02
2.790969999999999840e-01 6.643799999999999706e-02
2.790969999999999840e-01 6.643799999999999706e-02
2.790969999999999840e-01 6.643799999999999706e-02
2.790969999999999840e-01 6.643799999999999706e-02
2.790969999999999840e-01 6.643799999999999706e-02
2.790969999999999840e-01 6.643799999999999706e-02
2.790969999999999840e-01 6.643799999999999706e-02
2.790969999999999840e-01 6.643799999999999706e-02
2.790969999999999840e-01 6.643799999999999706e-02
2.790969999999999840e-01 6.643799999999999706e-02
2.790969999999999840e-01 6.643799999999999706e-02
2.790969999999999840e-01 6.643799999999999706e-02
2.790969999999999840e-01 6.643799999999999706e-02
2.790969999999999840e-01 6.643799999999999706e-02
2.790969999999999840e-01 6.643799999999999706e-02
2.790969999999999840e-01 6.643799999999999706e-02
2.790969999999999840e-01 6.643799999999999706e-02
2.790969999999999840e-01 6.643799999999999706e-02
2.790969999999999840e-01 6.643799999999999706e-02
2.790969999999999840e-01 6.643799999999999706e-02
2.790969999999999840e-01 6.643799999999999706e-02
2.790969999999999840e-01 6.643799999999999706e-02
2.790969999999999840e-01 6.643799999999999706e-02
3.037980000000000125e-01 7.308199999999999419e-02
3.238469999999999960e-01 7.972700000000000620e-02
3.437779999999999725e-01 8.637300000000000533e-02
3.635260000000000158e-01 9.301700000000000246e-02
3.829850000000000199e-01 9.966300000000000159e-02
3.829850000000000199e-01 9.966300000000000159e-02
3.829850000000000199e-01 9.966300000000000159e-02
3.829850000000000199e-01 9.966300000000000159e-02
3.829850000000000199e-01 9.966300000000000159e-02
3.829850000000000199e-01 9.966300000000000159e-02
3.829850000000000199e-01 9.966300000000000159e-02
3.829850000000000199e-01 9.966300000000000159e-02
3.829850000000000199e-01 9.966300000000000159e-02
3.829850000000000199e-01 9.966300000000000159e-02
3.829850000000000199e-01 9.966300000000000159e-02
3.829850000000000199e-01 9.966300000000000159e-02
3.829850000000000199e-01 9.966300000000000159e-02
3.829850000000000199e-01 9.966300000000000159e-02
3.829850000000000199e-01 9.966300000000000159e-02
3.829850000000000199e-01 9.966300000000000159e-02
3.829850000000000199e-01 9.966300000000000159e-02
3.829850000000000199e-01 9.966300000000000159e-02
3.829850000000000199e-01 9.966300000000000159e-02
3.829850000000000199e-01 9.966300000000000159e-02
3.829850000000000199e-01 9.966300000000000159e-02
3.829850000000000199e-01 9.966300000000000159e-02
3.829850000000000199e-01 9.966300000000000159e-02
3.829850000000000199e-01 9.966300000000000159e-02
4.089470000000000049e-01 1.063049999999999967e-01
4.298870000000000191e-01 1.129470000000000057e-01
4.507200000000000095e-01 1.195900000000000019e-01
4.712459999999999982e-01 1.262320000000000109e-01
4.915999999999999814e-01 1.328749999999999931e-01
4.915999999999999814e-01 1.328749999999999931e-01
4.915999999999999814e-01 1.328749999999999931e-01
4.915999999999999814e-01 1.328749999999999931e-01
4.915999999999999814e-01 1.328749999999999931e-01
4.915999999999999814e-01 1.328749999999999931e-01
4.915999999999999814e-01 1.328749999999999931e-01
4.915999999999999814e-01 1.328749999999999931e-01
4.915999999999999814e-01 1.328749999999999931e-01
4.915999999999999814e-01 1.328749999999999931e-01
4.915999999999999814e-01 1.328749999999999931e-01
4.915999999999999814e-01 1.328749999999999931e-01
4.915999999999999814e-01 1.328749999999999931e-01
4.915999999999999814e-01 1.328749999999999931e-01
4.915999999999999814e-01 1.328749999999999931e-01
4.915999999999999814e-01 1.328749999999999931e-01
4.915999999999999814e-01 1.328749999999999931e-01
4.915999999999999814e-01 1.328749999999999931e-01
4.915999999999999814e-01 1.328749999999999931e-01
4.915999999999999814e-01 1.328749999999999931e-01
4.915999999999999814e-01 1.328749999999999931e-01
4.915999999999999814e-01 1.328749999999999931e-01
4.915999999999999814e-01 1.328749999999999931e-01
4.915999999999999814e-01 1.328749999999999931e-01
5.050649999999999862e-01 1.395200000000000051e-01
5.239089999999999581e-01 1.461649999999999894e-01
5.427089999999999970e-01 1.528100000000000014e-01
5.613869999999999694e-01 1.594550000000000134e-01
5.803030000000000133e-01 1.660999999999999976e-01
5.803030000000000133e-01 1.660999999999999976e-01
5.803030000000000133e-01 1.660999999999999976e-01
5.803030000000000133e-01 1.660999999999999976e-01
5.803030000000000133e-01 1.660999999999999976e-01
5.803030000000000133e-01 1.660999999999999976e-01
5.803030000000000133e-01 1.660999999999999976e-01
5.803030000000000133e-01 1.660999999999999976e-01
5.803030000000000133e-01 1.660999999999999976e-01
5.803030000000000133e-01 1.660999999999999976e-01
5.803030000000000133e-01 1.660999999999999976e-01
5.803030000000000133e-01 1.660999999999999976e-01
5.803030000000000133e-01 1.660999999999999976e-01
5.803030000000000133e-01 1.660999999999999976e-01
5.803030000000000133e-01 1.660999999999999976e-01
5.803030000000000133e-01 1.660999999999999976e-01
5.803030000000000133e-01 1.660999999999999976e-01
5.803030000000000133e-01 1.660999999999999976e-01
5.803030000000000133e-01 1.660999999999999976e-01
5.803030000000000133e-01 1.660999999999999976e-01
5.803030000000000133e-01 1.660999999999999976e-01
5.803030000000000133e-01 1.660999999999999976e-01
5.803030000000000133e-01 1.660999999999999976e-01
5.803030000000000133e-01 1.660999999999999976e-01
5.974930000000000518e-01 1.727420000000000067e-01
6.193870000000000209e-01 1.793849999999999889e-01
6.412849999999999939e-01 1.860279999999999989e-01
6.634339999999999682e-01 1.926700000000000079e-01
6.857600000000000362e-01 1.993129999999999902e-01
6.857600000000000362e-01 1.993129999999999902e-01
6.857600000000000362e-01 1.993129999999999902e-01
6.857600000000000362e-01 1.993129999999999902e-01
6.857600000000000362e-01 1.993129999999999902e-01
6.857600000000000362e-01 1.993129999999999902e-01
6.857600000000000362e-01 1.993129999999999902e-01
6.857600000000000362e-01 1.993129999999999902e-01
6.857600000000000362e-01 1.993129999999999902e-01
6.857600000000000362e-01 1.993129999999999902e-01
6.857600000000000362e-01 1.993129999999999902e-01
6.857600000000000362e-01 1.993129999999999902e-01
6.857600000000000362e-01 1.993129999999999902e-01
6.857600000000000362e-01 1.993129999999999902e-01
6.857600000000000362e-01 1.993129999999999902e-01
6.857600000000000362e-01 1.993129999999999902e-01
6.857600000000000362e-01 1.993129999999999902e-01
6.857600000000000362e-01 1.993129999999999902e-01
6.857600000000000362e-01 1.993129999999999902e-01
6.857600000000000362e-01 1.993129999999999902e-01
6.857600000000000362e-01 1.993129999999999902e-01
6.857600000000000362e-01 1.993129999999999902e-01
6.857600000000000362e-01 1.993129999999999902e-01
6.857600000000000362e-01 1.993129999999999902e-01
7.088569999999999593e-01 2.026350000000000096e-01
7.215260000000000007e-01 2.059570000000000012e-01
7.314049999999999718e-01 2.092799999999999938e-01
7.417230000000000212e-01 2.126020000000000132e-01
7.523980000000000112e-01 2.159250000000000058e-01
7.632060000000000510e-01 2.192479999999999984e-01
7.739850000000000341e-01 2.225699999999999901e-01
7.848659999999999526e-01 2.258920000000000095e-01
7.957790000000000141e-01 2.292150000000000021e-01
8.068149999999999489e-01 2.325379999999999947e-01
8.068149999999999489e-01 2.325379999999999947e-01
8.068149999999999489e-01 2.325379999999999947e-01
8.068149999999999489e-01 2.325379999999999947e-01
8.068149999999999489e-01 2.325379999999999947e-01
8.068149999999999489e-01 2.325379999999999947e-01
8.068149999999999489e-01 2.325379999999999947e-01
8.068149999999999489e-01 2.325379999999999947e-01
8.068149999999999489e-01 2.325379999999999947e-01
8.068149999999999489e-01 2.325379999999999947e-01
8.068149999999999489e-01 2.325379999999999947e-01
8.068149999999999489e-01 2.325379999999999947e-01
8.068149999999999489e-01 2.325379999999999947e-01
8.068149999999999489e-01 2.325379999999999947e-01
8.068149999999999489e-01 2.325379999999999947e-01
8.068149999999999489e-01 2.325379999999999947e-01
8.068149999999999489e-01 2.325379999999999947e-01
8.068149999999999489e-01 2.325379999999999947e-01
8.068149999999999489e-01 2.325379999999999947e-01
8.068149999999999489e-01 2.325379999999999947e-01
8.068149999999999489e-01 2.325379999999999947e-01
8.068149999999999489e-01 2.325379999999999947e-01
8.068149999999999489e-01 2.325379999999999947e-01
8.068149999999999489e-01 2.325379999999999947e-01
8.057870000000000310e-01 2.328699999999999937e-01
8.088699999999999779e-01 2.332019999999999926e-01
8.115639999999999521e-01 2.335339999999999916e-01
8.133629999999999471e-01 2.338659999999999906e-01
8.144350000000000200e-01 2.341989999999999905e-01
8.148279999999999967e-01 2.345309999999999895e-01
8.151270000000000460e-01 2.348629999999999884e-01
8.157919999999999616e-01 2.351949999999999874e-01
8.171169999999999822e-01 2.355279999999999874e-01
8.189459999999999518e-01 2.358599999999999863e-01
8.209389999999999743e-01 2.361920000000000130e-01
8.227459999999999773e-01 2.365240000000000120e-01
8.241619999999999502e-01 2.368570000000000120e-01
8.252030000000000198e-01 2.371890000000000109e-01
8.260349999999999637e-01 2.375210000000000099e-01
8.269109999999999516e-01 2.378530000000000089e-01
8.280250000000000110e-01 2.381860000000000088e-01
8.294390000000000374e-01 2.385180000000000078e-01
8.310659999999999714e-01 2.388500000000000068e-01
8.326930000000000165e-01 2.391820000000000057e-01
8.341950000000000198e-01 2.395150000000000057e-01
8.355010000000000492e-01 2.398470000000000046e-01
8.366360000000000463e-01 2.401790000000000036e-01
8.377149999999999874e-01 2.405110000000000026e-01
8.388499999999999845e-01 2.408440000000000025e-01
8.401119999999999699e-01 2.411760000000000015e-01
8.415120000000000378e-01 2.415080000000000005e-01
8.429849999999999843e-01 2.418410000000000004e-01
8.444450000000000012e-01 2.421729999999999994e-01
8.458419999999999828e-01 2.425049999999999983e-01
8.471530000000000449e-01 2.428369999999999973e-01
8.483889999999999487e-01 2.431689999999999963e-01
8.496080000000000298e-01 2.435019999999999962e-01
8.508639999999999537e-01 2.438339999999999952e-01
8.521879999999999455e-01 2.441659999999999942e-01
8.535719999999999974e-01 2.444989999999999941e-01
8.549809999999999910e-01 2.448309999999999931e-01
8.563790000000000013e-01 2.451629999999999920e-01
8.577510000000000412e-01 2.454949999999999910e-01
8.590670000000000250e-01 2.458269999999999900e-01
8.603659999999999641e-01 2.461599999999999899e-01
8.616740000000000510e-01 2.464919999999999889e-01
8.629989999999999606e-01 2.468239999999999879e-01
8.643629999999999924e-01 2.471569999999999878e-01
8.657449999999999868e-01 2.474889999999999868e-01
8.671029999999999571e-01 2.478210000000000135e-01
8.684659999999999602e-01 2.481530000000000125e-01
8.698550000000000448e-01 2.484850000000000114e-01
8.712250000000000272e-01 2.488180000000000114e-01
8.725800000000000223e-01 2.491500000000000103e-01
8.739299999999999846e-01 2.494820000000000093e-01
8.752799999999999470e-01 2.498150000000000093e-01
8.766509999999999581e-01 2.501470000000000082e-01
8.780270000000000019e-01 2.504790000000000072e-01
8.794110000000000538e-01 2.508110000000000062e-01
8.808300000000000018e-01 2.511439999999999784e-01
8.822339999999999627e-01 2.514759999999999773e-01
8.836070000000000313e-01 2.518079999999999763e-01
8.849799999999999889e-01 2.521399999999999753e-01
8.863659999999999872e-01 2.524730000000000030e-01
8.877490000000000103e-01 2.528050000000000019e-01
8.891360000000000374e-01 2.531370000000000009e-01
8.904990000000000405e-01 2.534689999999999999e-01
8.918789999999999774e-01 2.538009999999999988e-01
8.932719999999999549e-01 2.541340000000000265e-01
8.946840000000000348e-01 2.544660000000000255e-01
8.961170000000000524e-01 2.547980000000000245e-01
8.975570000000000492e-01 2.551300000000000234e-01
8.989829999999999766e-01 2.554629999999999956e-01
9.003670000000000284e-01 2.557949999999999946e-01
9.017560000000000020e-01 2.561269999999999936e-01
9.031639999999999668e-01 2.564600000000000213e-01
9.045849999999999724e-01 2.567920000000000202e-01
9.060080000000000355e-01 2.571240000000000192e-01
9.074440000000000284e-01 2.574560000000000182e-01
9.088749999999999885e-01 2.577889999999999904e-01
9.103019999999999445e-01 2.581209999999999893e-01
9.117269999999999541e-01 2.584529999999999883e-01
9.131369999999999765e-01 2.587849999999999873e-01
9.145579999999999821e-01 2.591169999999999862e-01
9.159770000000000412e-01 2.594500000000000139e-01
9.174090000000000300e-01 2.597820000000000129e-01
9.188509999999999733e-01 2.601140000000000119e-01
9.203029999999999822e-01 2.604460000000000108e-01
9.217729999999999535e-01 2.607789999999999830e-01
9.232230000000000159e-01 2.611109999999999820e-01
9.246659999999999879e-01 2.614429999999999810e-01
9.261070000000000135e-01 2.617760000000000087e-01
9.275569999999999649e-01 2.621080000000000076e-01
9.290209999999999857e-01 2.624400000000000066e-01
9.305010000000000225e-01 2.627720000000000056e-01
9.319800000000000306e-01 2.631049999999999778e-01
9.334540000000000060e-01 2.634369999999999767e-01
9.349180000000000268e-01 2.637689999999999757e-01
9.363829999999999654e-01 2.641009999999999747e-01
9.378549999999999942e-01 2.644329999999999736e-01
9.393439999999999568e-01 2.647660000000000013e-01
9.408429999999999849e-01 2.650980000000000003e-01
9.423489999999999922e-01 2.654299999999999993e-01
9.438499999999999668e-01 2.657630000000000270e-01
9.438499999999999668e-01 2.657630000000000270e-01
9.438499999999999668e-01 2.657630000000000270e-01
9.438499999999999668e-01 2.657630000000000270e-01
9.438499999999999668e-01 2.657630000000000270e-01
9.438499999999999668e-01 2.657630000000000270e-01
9.438499999999999668e-01 2.657630000000000270e-01
9.438499999999999668e-01 2.657630000000000270e-01
9.438499999999999668e-01 2.657630000000000270e-01
9.438499999999999668e-01 2.657630000000000270e-01
9.438499999999999668e-01 2.657630000000000270e-01
9.438499999999999668e-01 2.657630000000000270e-01
9.438499999999999668e-01 2.657630000000000270e-01
9.438499999999999668e-01 2.657630000000000270e-01
9.438499999999999668e-01 2.657630000000000270e-01
9.438499999999999668e-01 2.657630000000000270e-01
9.438499999999999668e-01 2.657630000000000270e-01
9.438499999999999668e-01 2.657630000000000270e-01
9.438499999999999668e-01 2.657630000000000270e-01
9.438499999999999668e-01 2.657630000000000270e-01
9.438499999999999668e-01 2.657630000000000270e-01
9.438499999999999668e-01 2.657630000000000270e-01
9.438499999999999668e-01 2.657630000000000270e-01
9.438499999999999668e-01 2.657630000000000270e-01
9.834619999999999473e-01 2.674230000000000218e-01
9.676810000000000134e-01 2.690839999999999899e-01
9.898580000000000156e-01 2.707439999999999847e-01
9.870250000000000412e-01 2.724050000000000082e-01
9.999299999999999855e-01 2.740659999999999763e-01
1.003948000000000063e+00 2.757260000000000266e-01
1.012544000000000111e+00 2.773869999999999947e-01
1.019495999999999958e+00 2.790469999999999895e-01
1.026486000000000010e+00 2.807080000000000131e-01
1.034499000000000057e+00 2.823689999999999811e-01
1.041050999999999949e+00 2.840289999999999759e-01
1.049352000000000062e+00 2.856899999999999995e-01
1.056116999999999972e+00 2.873510000000000231e-01
1.064445000000000086e+00 2.890110000000000179e-01
1.071607999999999894e+00 2.906719999999999859e-01
1.079931999999999892e+00 2.923319999999999808e-01
1.087447000000000052e+00 2.939930000000000043e-01
1.095687000000000078e+00 2.956539999999999724e-01
1.103502999999999901e+00 2.973140000000000227e-01
1.111806000000000072e+00 2.989749999999999908e-01
1.111806000000000072e+00 2.989749999999999908e-01
1.111806000000000072e+00 2.989749999999999908e-01
1.111806000000000072e+00 2.989749999999999908e-01
1.111806000000000072e+00 2.989749999999999908e-01
1.111806000000000072e+00 2.989749999999999908e-01
1.111806000000000072e+00 2.989749999999999908e-01
1.111806000000000072e+00 2.989749999999999908e-01
1.111806000000000072e+00 2.989749999999999908e-01
1.111806000000000072e+00 2.989749999999999908e-01
1.111806000000000072e+00 2.989749999999999908e-01
1.111806000000000072e+00 2.989749999999999908e-01
1.111806000000000072e+00 2.989749999999999908e-01
1.111806000000000072e+00 2.989749999999999908e-01
1.111806000000000072e+00 2.989749999999999908e-01
1.111806000000000072e+00 2.989749999999999908e-01
1.111806000000000072e+00 2.989749999999999908e-01
1.111806000000000072e+00 2.989749999999999908e-01
1.111806000000000072e+00 2.989749999999999908e-01
1.111806000000000072e+00 2.989749999999999908e-01
1.111806000000000072e+00 2.989749999999999908e-01
1.111806000000000072e+00 2.989749999999999908e-01
1.111806000000000072e+00 2.989749999999999908e-01
1.111806000000000072e+00 2.989749999999999908e-01
1.128973999999999922e+00 3.022969999999999824e-01
1.147786999999999891e+00 3.056200000000000028e-01
1.167826999999999948e+00 3.089430000000000232e-01
1.189090999999999898e+00 3.122650000000000148e-01
1.211923000000000084e+00 3.155879999999999797e-01
1.236533000000000104e+00 3.189100000000000268e-01
1.263574999999999893e+00 3.222320000000000184e-01
1.293155000000000054e+00 3.255549999999999833e-01
1.323790999999999940e+00 3.288769999999999749e-01
1.355720000000000036e+00 3.321999999999999953e-01
1.355720000000000036e+00 3.321999999999999953e-01
1.355720000000000036e+00 3.321999999999999953e-01
1.355720000000000036e+00 3.321999999999999953e-01
1.355720000000000036e+00 3.321999999999999953e-01
1.355720000000000036e+00 3.321999999999999953e-01
1.355720000000000036e+00 3.321999999999999953e-01
1.355720000000000036e+00 3.321999999999999953e-01
1.355720000000000036e+00 3.321999999999999953e-01
1.355720000000000036e+00 3.321999999999999953e-01
1.355720000000000036e+00 3.321999999999999953e-01
1.355720000000000036e+00 3.321999999999999953e-01
1.355720000000000036e+00 3.321999999999999953e-01
1.355720000000000036e+00 3.321999999999999953e-01
1.355720000000000036e+00 3.321999999999999953e-01
1.355720000000000036e+00 3.321999999999999953e-01
1.355720000000000036e+00 3.321999999999999953e-01
1.355720000000000036e+00 3.321999999999999953e-01
1.355720000000000036e+00 3.321999999999999953e-01
1.355720000000000036e+00 3.321999999999999953e-01
1.355720000000000036e+00 3.321999999999999953e-01
1.355720000000000036e+00 3.321999999999999953e-01
1.355720000000000036e+00 3.321999999999999953e-01
1.355720000000000036e+00 3.321999999999999953e-01
1.362476000000000020e+00 3.325319999999999943e-01
1.373369000000000062e+00 3.328639999999999932e-01
1.387388999999999983e+00 3.331959999999999922e-01
1.402373000000000092e+00 3.335279999999999911e-01
1.416255999999999959e+00 3.338610000000000189e-01
1.427515000000000089e+00 3.341930000000000178e-01
1.434992999999999963e+00 3.345250000000000168e-01
1.438528000000000029e+00 3.348570000000000157e-01
1.438396000000000008e+00 3.351890000000000147e-01
1.435813000000000006e+00 3.355210000000000137e-01
1.432217000000000073e+00 3.358530000000000126e-01
1.429240000000000066e+00 3.361850000000000116e-01
1.428390000000000049e+00 3.365179999999999838e-01
1.430728000000000000e+00 3.368499999999999828e-01
1.436720999999999915e+00 3.371819999999999817e-01
1.446245999999999921e+00 3.375139999999999807e-01
1.458390999999999993e+00 3.378459999999999797e-01
1.471950000000000092e+00 3.381779999999999786e-01
1.485614999999999908e+00 3.385099999999999776e-01
1.498361000000000054e+00 3.388419999999999765e-01
1.509319999999999995e+00 3.391750000000000043e-01
1.517946999999999935e+00 3.395070000000000032e-01
1.524072000000000093e+00 3.398390000000000022e-01
1.527886000000000077e+00 3.401710000000000012e-01
1.529889999999999972e+00 3.405030000000000001e-01
1.530791000000000013e+00 3.408349999999999991e-01
1.531465000000000076e+00 3.411669999999999980e-01
1.532774000000000081e+00 3.415000000000000258e-01
1.535538999999999987e+00 3.418320000000000247e-01
1.540283000000000069e+00 3.421640000000000237e-01
1.547347999999999946e+00 3.424960000000000226e-01
1.556747000000000103e+00 3.428280000000000216e-01
1.568357999999999919e+00 3.431600000000000206e-01
1.581825000000000037e+00 3.434920000000000195e-01
1.596608999999999945e+00 3.438240000000000185e-01
