0.000000000000000000e+00 0.000000000000000000e+00
-0.000000000000000000e+00 0.000000000000000000e+00
-0.000000000000000000e+00 0.000000000000000000e+00
-0.000000000000000000e+00 0.000000000000000000e+00
-0.000000000000000000e+00 0.000000000000000000e+00
-0.000000000000000000e+00 0.000000000000000000e+00
-0.000000000000000000e+00 0.000000000000000000e+00
-0.000000000000000000e+00 0.000000000000000000e+00
-0.000000000000000000e+00 0.000000000000000000e+00
-0.000000000000000000e+00 0.000000000000000000e+00
-0.000000000000000000e+00 0.000000000000000000e+00
-0.000000000000000000e+00 0.000000000000000000e+00
-0.000000000000000000e+00 0.000000000000000000e+00
-0.000000000000000000e+00 0.000000000000000000e+00
-0.000000000000000000e+00 0.000000000000000000e+00
-0.000000000000000000e+00 0.000000000000000000e+00
-0.000000000000000000e+00 0.000000000000000000e+00
-0.000000000000000000e+00 0.000000000000000000e+00
-0.000000000000000000e+00 0.000000000000000000e+00
-0.000000000000000000e+00 0.000000000000000000e+00
-0.000000000000000000e+00 0.000000000000000000e+00
-0.000000000000000000e+00 0.000000000000000000e+00
-0.000000000000000000e+00 0.000000000000000000e+00
1.043319999999999942e-01 6.644999999999999865e-03
1.663010000000000044e-01 1.328999999999999973e-02
2.201629999999999976e-01 1.993500000000000133e-02
2.700710000000000055e-01 2.657999999999999946e-02
3.175600000000000089e-01 3.322499999999999759e-02
3.175600000000000089e-01 3.322499999999999759e-02
3.175600000000000089e-01 3.322499999999999759e-02
3.175600000000000089e-01 3.322499999999999759e-02
3.175600000000000089e-01 3.322499999999999759e-02
3.175600000000000089e-01 3.322499999999999759e-02
3.175600000000000089e-01 3.322499999999999759e-02
3.175600000000000089e-01 3.322499999999999759e-02
3.175600000000000089e-01 3.322499999999999759e-02
3.175600000000000089e-01 3.322499999999999759e-02
3.175600000000000089e-01 3.322499999999999759e-02
3.175600000000000089e-01 3.322499999999999759e-02
3.175600000000000089e-01 3.322499999999999759e-02
3.175600000000000089e-01 3.322499999999999759e-02
3.175600000000000089e-01 3.322499999999999759e-02
3.175600000000000089e-01 3.322499999999999759e-02
3.175600000000000089e-01 3.322499999999999759e-02
3.175600000000000089e-01 3.322499999999999759e-02
3.175600000000000089e-01 3.322499999999999759e-02
3.175600000000000089e-01 3.322499999999999759e-02
3.175600000000000089e-01 3.322499999999999759e-02
3.175600000000000089e-01 3.322499999999999759e-02
3.175600000000000089e-01 3.322499999999999759e-02
3.175600000000000089e-01 3.322499999999999759e-02
3.207909999999999928e-01 3.355699999999999655e-02
3.235970000000000235e-01 3.388900000000000245e-02
3.262200000000000100e-01 3.422100000000000142e-02
3.286220000000000252e-01 3.455300000000000038e-02
3.308470000000000022e-01 3.488600000000000034e-02
3.329989999999999895e-01 3.521799999999999931e-02
3.351890000000000147e-01 3.554999999999999827e-02
3.374559999999999782e-01 3.588199999999999723e-02
3.397990000000000177e-01 3.621400000000000313e-02
3.421870000000000189e-01 3.654600000000000209e-02
3.445829999999999727e-01 3.687800000000000106e-02
3.469590000000000174e-01 3.721000000000000002e-02
3.493129999999999846e-01 3.754299999999999998e-02
3.516489999999999894e-01 3.787499999999999895e-02
3.539760000000000129e-01 3.820699999999999791e-02
3.563000000000000056e-01 3.853899999999999687e-02
3.586269999999999736e-01 3.887100000000000277e-02
3.609589999999999743e-01 3.920300000000000173e-02
3.632929999999999771e-01 3.953500000000000070e-02
3.656209999999999738e-01 3.986699999999999966e-02
3.679310000000000080e-01 4.019999999999999962e-02
3.702199999999999935e-01 4.053199999999999859e-02
3.724990000000000245e-01 4.086399999999999755e-02
3.747699999999999920e-01 4.119600000000000345e-02
3.770330000000000070e-01 4.152800000000000241e-02
3.792900000000000160e-01 4.186000000000000137e-02
3.815479999999999983e-01 4.219200000000000034e-02
3.838119999999999865e-01 4.252500000000000030e-02
3.860770000000000035e-01 4.285699999999999926e-02
3.883420000000000205e-01 4.318899999999999822e-02
3.906020000000000048e-01 4.352099999999999719e-02
3.928570000000000118e-01 4.385300000000000309e-02
3.951100000000000168e-01 4.418500000000000205e-02
3.973650000000000237e-01 4.451700000000000101e-02
3.996250000000000080e-01 4.484899999999999998e-02
4.018920000000000270e-01 4.518199999999999994e-02
4.041649999999999965e-01 4.551399999999999890e-02
4.064440000000000275e-01 4.584599999999999786e-02
4.087239999999999762e-01 4.617799999999999683e-02
4.110050000000000092e-01 4.651000000000000273e-02
4.132830000000000115e-01 4.684200000000000169e-02
4.155599999999999850e-01 4.717400000000000065e-02
4.178359999999999852e-01 4.750599999999999962e-02
4.201079999999999814e-01 4.783899999999999958e-02
4.223750000000000004e-01 4.817099999999999854e-02
4.246329999999999827e-01 4.850299999999999750e-02
4.268859999999999877e-01 4.883500000000000341e-02
4.291280000000000094e-01 4.916700000000000237e-02
4.313549999999999884e-01 4.949900000000000133e-02
4.335749999999999882e-01 4.983100000000000029e-02
4.357969999999999899e-01 5.016299999999999926e-02
4.380269999999999997e-01 5.049599999999999922e-02
4.402690000000000214e-01 5.082799999999999818e-02
4.425200000000000244e-01 5.115999999999999714e-02
4.447729999999999739e-01 5.149200000000000305e-02
4.470180000000000264e-01 5.182400000000000201e-02
4.492530000000000134e-01 5.215600000000000097e-02
4.514759999999999884e-01 5.248799999999999993e-02
4.536879999999999802e-01 5.281999999999999890e-02
4.559000000000000274e-01 5.315299999999999886e-02
4.581180000000000252e-01 5.348499999999999782e-02
4.603459999999999774e-01 5.381699999999999678e-02
4.625830000000000219e-01 5.414900000000000269e-02
4.648240000000000149e-01 5.448100000000000165e-02
4.670650000000000079e-01 5.481300000000000061e-02
4.693030000000000257e-01 5.514499999999999957e-02
4.715389999999999859e-01 5.547699999999999854e-02
4.737709999999999977e-01 5.580899999999999750e-02
4.759990000000000054e-01 5.614199999999999746e-02
4.782239999999999824e-01 5.647400000000000336e-02
4.804479999999999862e-01 5.680600000000000233e-02
4.826690000000000147e-01 5.713800000000000129e-02
4.848850000000000104e-01 5.747000000000000025e-02
4.870990000000000042e-01 5.780199999999999921e-02
4.893109999999999959e-01 5.813399999999999818e-02
4.915280000000000205e-01 5.846699999999999814e-02
4.937509999999999954e-01 5.879899999999999710e-02
4.959819999999999784e-01 5.913100000000000300e-02
4.982190000000000230e-01 5.946300000000000197e-02
5.004530000000000367e-01 5.979500000000000093e-02
5.026770000000000405e-01 6.012699999999999989e-02
5.048960000000000115e-01 6.045899999999999885e-02
5.071090000000000320e-01 6.079099999999999782e-02
5.093220000000000525e-01 6.112299999999999678e-02
5.115370000000000195e-01 6.145599999999999674e-02
5.137530000000000152e-01 6.178800000000000264e-02
5.159719999999999862e-01 6.212000000000000161e-02
5.181930000000000147e-01 6.245200000000000057e-02
5.204199999999999937e-01 6.278400000000000647e-02
5.226499999999999480e-01 6.311600000000000543e-02
5.248810000000000420e-01 6.344800000000000439e-02
5.271169999999999467e-01 6.378100000000000436e-02
5.293520000000000447e-01 6.411300000000000332e-02
5.315819999999999990e-01 6.444500000000000228e-02
5.338019999999999987e-01 6.477700000000000125e-02
5.360139999999999905e-01 6.510900000000000021e-02
5.382230000000000070e-01 6.544099999999999917e-02
5.404339999999999700e-01 6.577299999999999813e-02
5.426499999999999657e-01 6.610499999999999710e-02
5.448709999999999942e-01 6.643799999999999706e-02
5.448709999999999942e-01 6.643799999999999706e-02
5.448709999999999942e-01 6.643799999999999706e-02
5.448709999999999942e-01 6.643799999999999706e-02
5.448709999999999942e-01 6.643799999999999706e-02
5.448709999999999942e-01 6.643799999999999706e-02
5.448709999999999942e-01 6.643799999999999706e-02
5.448709999999999942e-01 6.643799999999999706e-02
5.448709999999999942e-01 6.643799999999999706e-02
5.448709999999999942e-01 6.643799999999999706e-02
5.448709999999999942e-01 6.643799999999999706e-02
5.448709999999999942e-01 6.643799999999999706e-02
5.448709999999999942e-01 6.643799999999999706e-02
5.448709999999999942e-01 6.643799999999999706e-02
5.448709999999999942e-01 6.643799999999999706e-02
5.448709999999999942e-01 6.643799999999999706e-02
5.448709999999999942e-01 6.643799999999999706e-02
5.448709999999999942e-01 6.643799999999999706e-02
5.448709999999999942e-01 6.643799999999999706e-02
5.448709999999999942e-01 6.643799999999999706e-02
5.448709999999999942e-01 6.643799999999999706e-02
5.448709999999999942e-01 6.643799999999999706e-02
5.448709999999999942e-01 6.643799999999999706e-02
5.448709999999999942e-01 6.643799999999999706e-02
5.467729999999999535e-01 6.676999999999999602e-02
5.497149999999999537e-01 6.710199999999999498e-02
5.524229999999999974e-01 6.743399999999999395e-02
5.548049999999999926e-01 6.776600000000000679e-02
5.570000000000000506e-01 6.809900000000000675e-02
5.590889999999999471e-01 6.843100000000000571e-02
5.612399999999999611e-01 6.876300000000000467e-02
5.634670000000000512e-01 6.909500000000000364e-02
5.657640000000000446e-01 6.942800000000000360e-02
5.681540000000000479e-01 6.976000000000000256e-02
5.705660000000000176e-01 7.009200000000000153e-02
5.729530000000000456e-01 7.042400000000000049e-02
5.753019999999999801e-01 7.075700000000000045e-02
5.776139999999999608e-01 7.108899999999999941e-02
5.798820000000000086e-01 7.142099999999999838e-02
5.821429999999999660e-01 7.175299999999999734e-02
5.844519999999999715e-01 7.208599999999999730e-02
5.867440000000000433e-01 7.241799999999999626e-02
5.890929999999999778e-01 7.274999999999999523e-02
5.913990000000000080e-01 7.308199999999999419e-02
5.937360000000000415e-01 7.341499999999999415e-02
5.960670000000000135e-01 7.374699999999999311e-02
5.983829999999999982e-01 7.407900000000000595e-02
6.006470000000000420e-01 7.441100000000000492e-02
6.029449999999999532e-01 7.474400000000000488e-02
6.052079999999999682e-01 7.507600000000000384e-02
6.075329999999999897e-01 7.540800000000000280e-02
6.098820000000000352e-01 7.574100000000000277e-02
6.122290000000000232e-01 7.607300000000000173e-02
6.145599999999999952e-01 7.640500000000000069e-02
6.168390000000000262e-01 7.673699999999999966e-02
6.190980000000000372e-01 7.706899999999999862e-02
6.213689999999999491e-01 7.740199999999999858e-02
6.237190000000000234e-01 7.773399999999999754e-02
6.260470000000000201e-01 7.806599999999999651e-02
6.284319999999999906e-01 7.839899999999999647e-02
6.308240000000000514e-01 7.873099999999999543e-02
6.331999999999999851e-01 7.906299999999999439e-02
6.355589999999999851e-01 7.939499999999999336e-02
6.378810000000000313e-01 7.972700000000000620e-02
6.402069999999999705e-01 8.006000000000000616e-02
6.425579999999999625e-01 8.039200000000000512e-02
6.448970000000000535e-01 8.072400000000000408e-02
6.472590000000000288e-01 8.105700000000000405e-02
6.496539999999999537e-01 8.138900000000000301e-02
6.520590000000000552e-01 8.172100000000000197e-02
6.544680000000000497e-01 8.205300000000000094e-02
6.568460000000000409e-01 8.238499999999999990e-02
6.592259999999999787e-01 8.271799999999999986e-02
6.615779999999999994e-01 8.304999999999999882e-02
6.639209999999999834e-01 8.338199999999999779e-02
6.662620000000000209e-01 8.371499999999999775e-02
6.686039999999999761e-01 8.404699999999999671e-02
6.709469999999999601e-01 8.437899999999999567e-02
6.732989999999999808e-01 8.471099999999999464e-02
6.756579999999999808e-01 8.504399999999999460e-02
6.780169999999999808e-01 8.537599999999999356e-02
6.804069999999999840e-01 8.570800000000000640e-02
6.827579999999999760e-01 8.604000000000000536e-02
6.851329999999999920e-01 8.637300000000000533e-02
6.875310000000000032e-01 8.670500000000000429e-02
6.899520000000000097e-01 8.703700000000000325e-02
6.923460000000000170e-01 8.736900000000000222e-02
6.947529999999999539e-01 8.770100000000000118e-02
6.971519999999999939e-01 8.803400000000000114e-02
6.995329999999999604e-01 8.836600000000000010e-02
7.019320000000000004e-01 8.869799999999999907e-02
7.043490000000000029e-01 8.902999999999999803e-02
7.067830000000000501e-01 8.936299999999999799e-02
7.092370000000000063e-01 8.969499999999999695e-02
7.117080000000000073e-01 9.002699999999999592e-02
7.141539999999999555e-01 9.035999999999999588e-02
7.165850000000000275e-01 9.069199999999999484e-02
7.189740000000000020e-01 9.102399999999999380e-02
7.213389999999999525e-01 9.135600000000000664e-02
7.237310000000000132e-01 9.168900000000000661e-02
7.261450000000000404e-01 9.202100000000000557e-02
7.285920000000000174e-01 9.235300000000000453e-02
7.310400000000000231e-01 9.268500000000000349e-02
7.334850000000000536e-01 9.301700000000000246e-02
7.359130000000000393e-01 9.335000000000000242e-02
7.383750000000000036e-01 9.368200000000000138e-02
7.408240000000000380e-01 9.401400000000000035e-02
7.432689999999999575e-01 9.434599999999999931e-02
7.457139999999999880e-01 9.467899999999999927e-02
7.481680000000000552e-01 9.501099999999999823e-02
7.506389999999999452e-01 9.534299999999999720e-02
7.531240000000000157e-01 9.567599999999999716e-02
7.556340000000000279e-01 9.600799999999999612e-02
7.581360000000000321e-01 9.633999999999999508e-02
7.606349999999999500e-01 9.667199999999999405e-02
7.631310000000000038e-01 9.700499999999999401e-02
7.656159999999999632e-01 9.733700000000000685e-02
7.680730000000000057e-01 9.766900000000000581e-02
7.705619999999999692e-01 9.800100000000000477e-02
7.730900000000000549e-01 9.833300000000000374e-02
7.756440000000000001e-01 9.866600000000000370e-02
7.782069999999999821e-01 9.899800000000000266e-02
7.807450000000000223e-01 9.933000000000000163e-02
7.832639999999999603e-01 9.966300000000000159e-02
7.832639999999999603e-01 9.966300000000000159e-02
7.832639999999999603e-01 9.966300000000000159e-02
7.832639999999999603e-01 9.966300000000000159e-02
7.832639999999999603e-01 9.966300000000000159e-02
7.832639999999999603e-01 9.966300000000000159e-02
7.832639999999999603e-01 9.966300000000000159e-02
7.832639999999999603e-01 9.966300000000000159e-02
7.832639999999999603e-01 9.966300000000000159e-02
7.832639999999999603e-01 9.966300000000000159e-02
7.832639999999999603e-01 9.966300000000000159e-02
7.832639999999999603e-01 9.966300000000000159e-02
7.832639999999999603e-01 9.966300000000000159e-02
7.832639999999999603e-01 9.966300000000000159e-02
7.832639999999999603e-01 9.966300000000000159e-02
7.832639999999999603e-01 9.966300000000000159e-02
7.832639999999999603e-01 9.966300000000000159e-02
7.832639999999999603e-01 9.966300000000000159e-02
7.832639999999999603e-01 9.966300000000000159e-02
7.832639999999999603e-01 9.966300000000000159e-02
7.832639999999999603e-01 9.966300000000000159e-02
7.832639999999999603e-01 9.966300000000000159e-02
7.832639999999999603e-01 9.966300000000000159e-02
7.832639999999999603e-01 9.966300000000000159e-02
7.851740000000000386e-01 9.999500000000000055e-02
7.867309999999999581e-01 1.003269999999999995e-01
7.883900000000000352e-01 1.006589999999999985e-01
7.904809999999999892e-01 1.009909999999999974e-01
7.931749999999999634e-01 1.013229999999999964e-01
7.962029999999999941e-01 1.016549999999999954e-01
7.992070000000000007e-01 1.019869999999999943e-01
8.018690000000000540e-01 1.023189999999999933e-01
8.041570000000000107e-01 1.026519999999999933e-01
8.061960000000000237e-01 1.029840000000000061e-01
8.082559999999999745e-01 1.033160000000000051e-01
8.105290000000000550e-01 1.036480000000000040e-01
8.130749999999999922e-01 1.039800000000000030e-01
8.158250000000000224e-01 1.043120000000000019e-01
8.185810000000000031e-01 1.046440000000000009e-01
8.212230000000000363e-01 1.049759999999999999e-01
8.236970000000000125e-01 1.053089999999999998e-01
8.260359999999999925e-01 1.056409999999999988e-01
8.283549999999999525e-01 1.059729999999999978e-01
8.307550000000000212e-01 1.063049999999999967e-01
8.332680000000000087e-01 1.066369999999999957e-01
8.358860000000000179e-01 1.069689999999999946e-01
8.385529999999999928e-01 1.073009999999999936e-01
8.411760000000000348e-01 1.076330000000000064e-01
8.437419999999999920e-01 1.079660000000000064e-01
8.462380000000000457e-01 1.082980000000000054e-01
8.486839999999999939e-01 1.086300000000000043e-01
8.511349999999999749e-01 1.089620000000000033e-01
8.536390000000000366e-01 1.092940000000000023e-01
8.562049999999999939e-01 1.096260000000000012e-01
8.588289999999999536e-01 1.099580000000000002e-01
8.614690000000000403e-01 1.102899999999999991e-01
8.640440000000000342e-01 1.106229999999999991e-01
8.666160000000000529e-01 1.109549999999999981e-01
8.691750000000000309e-01 1.112869999999999970e-01
8.717300000000000049e-01 1.116189999999999960e-01
8.742919999999999581e-01 1.119509999999999950e-01
8.768629999999999480e-01 1.122829999999999939e-01
8.794370000000000243e-01 1.126150000000000068e-01
8.820210000000000550e-01 1.129470000000000057e-01
8.846159999999999579e-01 1.132800000000000057e-01
8.872130000000000294e-01 1.136120000000000047e-01
8.898049999999999571e-01 1.139440000000000036e-01
8.923919999999999630e-01 1.142760000000000026e-01
8.949840000000000018e-01 1.146080000000000015e-01
8.975830000000000197e-01 1.149400000000000005e-01
9.001799999999999802e-01 1.152719999999999995e-01
9.027889999999999526e-01 1.156039999999999984e-01
9.054170000000000273e-01 1.159369999999999984e-01
9.080599999999999783e-01 1.162689999999999974e-01
9.107229999999999492e-01 1.166009999999999963e-01
9.133890000000000065e-01 1.169329999999999953e-01
9.160949999999999926e-01 1.172649999999999942e-01
9.187579999999999636e-01 1.175969999999999932e-01
9.213909999999999600e-01 1.179290000000000060e-01
9.240129999999999733e-01 1.182620000000000060e-01
9.266410000000000480e-01 1.185940000000000050e-01
9.292939999999999534e-01 1.189260000000000039e-01
9.320169999999999844e-01 1.192580000000000029e-01
9.347539999999999738e-01 1.195900000000000019e-01
9.374930000000000208e-01 1.199220000000000008e-01
9.402160000000000517e-01 1.202539999999999998e-01
9.429210000000000091e-01 1.205859999999999987e-01
9.456499999999999906e-01 1.209179999999999977e-01
9.483960000000000168e-01 1.212509999999999977e-01
9.511450000000000182e-01 1.215829999999999966e-01
9.539119999999999822e-01 1.219149999999999956e-01
9.567219999999999613e-01 1.222469999999999946e-01
9.595489999999999853e-01 1.225789999999999935e-01
9.623669999999999725e-01 1.229110000000000064e-01
9.651699999999999724e-01 1.232430000000000053e-01
9.679750000000000298e-01 1.235760000000000053e-01
9.707900000000000418e-01 1.239080000000000042e-01
9.736179999999999835e-01 1.242400000000000032e-01
9.764950000000000019e-01 1.245720000000000022e-01
9.794140000000000068e-01 1.249040000000000011e-01
9.823549999999999782e-01 1.252359999999999862e-01
9.853089999999999904e-01 1.255680000000000129e-01
9.882710000000000106e-01 1.259000000000000119e-01
9.912009999999999987e-01 1.262320000000000109e-01
9.940870000000000539e-01 1.265650000000000108e-01
9.969639999999999613e-01 1.268970000000000098e-01
9.998559999999999670e-01 1.272290000000000088e-01
1.002782000000000062e+00 1.275610000000000077e-01
1.005756000000000094e+00 1.278930000000000067e-01
1.008745999999999921e+00 1.282250000000000056e-01
1.011737000000000108e+00 1.285570000000000046e-01
1.014726000000000017e+00 1.288900000000000046e-01
1.017703000000000024e+00 1.292220000000000035e-01
1.020658000000000065e+00 1.295540000000000025e-01
1.023603999999999958e+00 1.298860000000000015e-01
1.026539000000000090e+00 1.302180000000000004e-01
1.029522000000000048e+00 1.305499999999999994e-01
1.032580000000000053e+00 1.308819999999999983e-01
1.035662000000000083e+00 1.312139999999999973e-01
1.038769999999999971e+00 1.315459999999999963e-01
1.041905999999999999e+00 1.318789999999999962e-01
1.045015999999999945e+00 1.322109999999999952e-01
1.048108999999999957e+00 1.325429999999999942e-01
1.051180999999999921e+00 1.328749999999999931e-01
1.051180999999999921e+00 1.328749999999999931e-01
1.051180999999999921e+00 1.328749999999999931e-01
1.051180999999999921e+00 1.328749999999999931e-01
1.051180999999999921e+00 1.328749999999999931e-01
1.051180999999999921e+00 1.328749999999999931e-01
1.051180999999999921e+00 1.328749999999999931e-01
1.051180999999999921e+00 1.328749999999999931e-01
1.051180999999999921e+00 1.328749999999999931e-01
1.051180999999999921e+00 1.328749999999999931e-01
1.051180999999999921e+00 1.328749999999999931e-01
1.051180999999999921e+00 1.328749999999999931e-01
1.051180999999999921e+00 1.328749999999999931e-01
1.051180999999999921e+00 1.328749999999999931e-01
1.051180999999999921e+00 1.328749999999999931e-01
1.051180999999999921e+00 1.328749999999999931e-01
1.051180999999999921e+00 1.328749999999999931e-01
1.051180999999999921e+00 1.328749999999999931e-01
1.051180999999999921e+00 1.328749999999999931e-01
1.051180999999999921e+00 1.328749999999999931e-01
1.051180999999999921e+00 1.328749999999999931e-01
1.051180999999999921e+00 1.328749999999999931e-01
1.051180999999999921e+00 1.328749999999999931e-01
1.051180999999999921e+00 1.328749999999999931e-01
1.053922000000000025e+00 1.332069999999999921e-01
1.056405000000000038e+00 1.335389999999999910e-01
1.058980999999999950e+00 1.338719999999999910e-01
1.061830999999999969e+00 1.342039999999999900e-01
1.065207000000000015e+00 1.345359999999999889e-01
1.068907999999999969e+00 1.348679999999999879e-01
1.072675000000000045e+00 1.352009999999999879e-01
1.076316000000000050e+00 1.355329999999999868e-01
1.079709000000000030e+00 1.358650000000000135e-01
1.082807999999999993e+00 1.361970000000000125e-01
1.085749000000000075e+00 1.365300000000000125e-01
1.088697000000000026e+00 1.368620000000000114e-01
1.091812999999999922e+00 1.371940000000000104e-01
1.095188999999999968e+00 1.375270000000000103e-01
1.098807000000000089e+00 1.378590000000000093e-01
1.102543999999999969e+00 1.381910000000000083e-01
1.106276999999999955e+00 1.385230000000000072e-01
1.109796999999999922e+00 1.388560000000000072e-01
1.113175999999999943e+00 1.391880000000000062e-01
1.116454999999999975e+00 1.395200000000000051e-01
1.119637999999999911e+00 1.398520000000000041e-01
1.122945000000000082e+00 1.401850000000000041e-01
1.126430999999999960e+00 1.405170000000000030e-01
1.130139000000000005e+00 1.408490000000000020e-01
1.133984000000000103e+00 1.411810000000000009e-01
1.137829999999999897e+00 1.415140000000000009e-01
1.141620000000000079e+00 1.418459999999999999e-01
1.145261000000000084e+00 1.421779999999999988e-01
1.148692999999999964e+00 1.425099999999999978e-01
1.152079999999999993e+00 1.428429999999999978e-01
1.155524999999999913e+00 1.431749999999999967e-01
1.159130999999999911e+00 1.435069999999999957e-01
1.162773000000000057e+00 1.438389999999999946e-01
1.166520999999999919e+00 1.441709999999999936e-01
1.170382999999999951e+00 1.445039999999999936e-01
1.174290000000000056e+00 1.448359999999999925e-01
1.178212999999999955e+00 1.451679999999999915e-01
1.182093999999999978e+00 1.455009999999999915e-01
1.185861999999999972e+00 1.458329999999999904e-01
1.189521000000000051e+00 1.461649999999999894e-01
1.193176999999999932e+00 1.464969999999999883e-01
1.196863000000000010e+00 1.468289999999999873e-01
1.200649999999999995e+00 1.471619999999999873e-01
1.204515999999999920e+00 1.474939999999999862e-01
1.208426999999999918e+00 1.478260000000000129e-01
1.212428000000000061e+00 1.481590000000000129e-01
1.216463999999999990e+00 1.484910000000000119e-01
1.220453000000000010e+00 1.488230000000000108e-01
1.224369999999999958e+00 1.491550000000000098e-01
1.228266000000000080e+00 1.494880000000000098e-01
1.232209000000000110e+00 1.498200000000000087e-01
1.236204000000000081e+00 1.501520000000000077e-01
1.240262999999999893e+00 1.504840000000000066e-01
1.244407000000000041e+00 1.508160000000000056e-01
1.248612999999999973e+00 1.511490000000000056e-01
1.252904000000000018e+00 1.514810000000000045e-01
1.257219000000000086e+00 1.518130000000000035e-01
1.261527000000000065e+00 1.521450000000000025e-01
1.265827000000000035e+00 1.524780000000000024e-01
1.270002999999999993e+00 1.528100000000000014e-01
1.274134000000000100e+00 1.531420000000000003e-01
1.278270000000000017e+00 1.534750000000000003e-01
1.282481999999999900e+00 1.538069999999999993e-01
1.286788000000000043e+00 1.541389999999999982e-01
1.291201000000000043e+00 1.544709999999999972e-01
1.295692000000000066e+00 1.548039999999999972e-01
1.300238000000000005e+00 1.551359999999999961e-01
1.304834999999999967e+00 1.554679999999999951e-01
1.309446000000000110e+00 1.557999999999999940e-01
1.314038999999999957e+00 1.561319999999999930e-01
1.318581999999999921e+00 1.564649999999999930e-01
1.323104999999999976e+00 1.567969999999999919e-01
1.327595999999999998e+00 1.571289999999999909e-01
1.332170000000000076e+00 1.574609999999999899e-01
1.336813000000000029e+00 1.577939999999999898e-01
1.341555999999999971e+00 1.581259999999999888e-01
1.346370999999999984e+00 1.584579999999999878e-01
1.351304999999999978e+00 1.587909999999999877e-01
1.356319000000000052e+00 1.591229999999999867e-01
1.361321999999999921e+00 1.594550000000000134e-01
1.366330999999999962e+00 1.597870000000000124e-01
1.371353999999999962e+00 1.601200000000000123e-01
1.376411999999999969e+00 1.604520000000000113e-01
1.381547999999999998e+00 1.607840000000000102e-01
1.386725999999999903e+00 1.611160000000000092e-01
1.391915000000000013e+00 1.614480000000000082e-01
1.397175000000000056e+00 1.617810000000000081e-01
1.402476999999999974e+00 1.621130000000000071e-01
1.407832999999999890e+00 1.624450000000000061e-01
1.413270000000000026e+00 1.627770000000000050e-01
1.418765000000000054e+00 1.631100000000000050e-01
1.424360999999999988e+00 1.634420000000000039e-01
1.430098000000000091e+00 1.637740000000000029e-01
1.435853000000000046e+00 1.641060000000000019e-01
1.441532000000000036e+00 1.644390000000000018e-01
1.447133999999999920e+00 1.647710000000000008e-01
1.452762000000000109e+00 1.651029999999999998e-01
1.458452000000000082e+00 1.654359999999999997e-01
1.464175000000000004e+00 1.657679999999999987e-01
1.469962999999999909e+00 1.660999999999999976e-01
1.469962999999999909e+00 1.660999999999999976e-01
1.469962999999999909e+00 1.660999999999999976e-01
1.469962999999999909e+00 1.660999999999999976e-01
1.469962999999999909e+00 1.660999999999999976e-01
1.469962999999999909e+00 1.660999999999999976e-01
1.469962999999999909e+00 1.660999999999999976e-01
1.469962999999999909e+00 1.660999999999999976e-01
1.469962999999999909e+00 1.660999999999999976e-01
1.469962999999999909e+00 1.660999999999999976e-01
1.469962999999999909e+00 1.660999999999999976e-01
1.469962999999999909e+00 1.660999999999999976e-01
1.469962999999999909e+00 1.660999999999999976e-01
1.469962999999999909e+00 1.660999999999999976e-01
1.469962999999999909e+00 1.660999999999999976e-01
1.469962999999999909e+00 1.660999999999999976e-01
1.469962999999999909e+00 1.660999999999999976e-01
1.469962999999999909e+00 1.660999999999999976e-01
1.469962999999999909e+00 1.660999999999999976e-01
1.469962999999999909e+00 1.660999999999999976e-01
1.469962999999999909e+00 1.660999999999999976e-01
1.469962999999999909e+00 1.660999999999999976e-01
1.469962999999999909e+00 1.660999999999999976e-01
1.469962999999999909e+00 1.660999999999999976e-01
1.474927000000000099e+00 1.664319999999999966e-01
1.477878000000000025e+00 1.667639999999999956e-01
1.479953000000000074e+00 1.670959999999999945e-01
1.482051000000000007e+00 1.674279999999999935e-01
1.485187000000000035e+00 1.677609999999999935e-01
1.489940000000000042e+00 1.680929999999999924e-01
1.496545999999999932e+00 1.684249999999999914e-01
1.505023999999999917e+00 1.687569999999999903e-01
1.514810999999999908e+00 1.690889999999999893e-01
1.525234999999999896e+00 1.694209999999999883e-01
1.535665000000000058e+00 1.697529999999999872e-01
1.545319000000000109e+00 1.700849999999999862e-01
1.553762000000000087e+00 1.704179999999999862e-01
1.560777999999999999e+00 1.707500000000000129e-01
1.566532000000000036e+00 1.710820000000000118e-01
1.571496999999999922e+00 1.714140000000000108e-01
1.576090999999999909e+00 1.717460000000000098e-01
1.580910999999999955e+00 1.720780000000000087e-01
1.586670000000000025e+00 1.724100000000000077e-01
1.593464999999999909e+00 1.727420000000000067e-01
1.601485999999999965e+00 1.730750000000000066e-01
