0.000000000000000000e+00 0.000000000000000000e+00
-0.000000000000000000e+00 0.000000000000000000e+00
-0.000000000000000000e+00 0.000000000000000000e+00
-0.000000000000000000e+00 0.000000000000000000e+00
-0.000000000000000000e+00 0.000000000000000000e+00
-0.000000000000000000e+00 0.000000000000000000e+00
-0.000000000000000000e+00 0.000000000000000000e+00
-0.000000000000000000e+00 0.000000000000000000e+00
-0.000000000000000000e+00 0.000000000000000000e+00
-0.000000000000000000e+00 0.000000000000000000e+00
-0.000000000000000000e+00 0.000000000000000000e+00
-0.000000000000000000e+00 0.000000000000000000e+00
-0.000000000000000000e+00 0.000000000000000000e+00
-0.000000000000000000e+00 0.000000000000000000e+00
-0.000000000000000000e+00 0.000000000000000000e+00
-0.000000000000000000e+00 0.000000000000000000e+00
-0.000000000000000000e+00 0.000000000000000000e+00
-0.000000000000000000e+00 0.000000000000000000e+00
-0.000000000000000000e+00 0.000000000000000000e+00
-0.000000000000000000e+00 0.000000000000000000e+00
-0.000000000000000000e+00 0.000000000000000000e+00
-0.000000000000000000e+00 0.000000000000000000e+00
-0.000000000000000000e+00 0.000000000000000000e+00
6.047000000000000292e-02 6.644999999999999865e-03
9.481199999999999350e-02 1.328999999999999973e-02
1.242140000000000050e-01 1.993500000000000133e-02
1.510289999999999966e-01 2.657999999999999946e-02
1.761030000000000095e-01 3.322499999999999759e-02
1.761030000000000095e-01 3.322499999999999759e-02
1.761030000000000095e-01 3.322499999999999759e-02
1.761030000000000095e-01 3.322499999999999759e-02
1.761030000000000095e-01 3.322499999999999759e-02
1.761030000000000095e-01 3.322499999999999759e-02
1.761030000000000095e-01 3.322499999999999759e-02
1.761030000000000095e-01 3.322499999999999759e-02
1.761030000000000095e-01 3.322499999999999759e-02
1.761030000000000095e-01 3.322499999999999759e-02
1.761030000000000095e-01 3.322499999999999759e-02
1.761030000000000095e-01 3.322499999999999759e-02
1.761030000000000095e-01 3.322499999999999759e-02
1.761030000000000095e-01 3.322499999999999759e-02
1.761030000000000095e-01 3.322499999999999759e-02
1.761030000000000095e-01 3.322499999999999759e-02
1.761030000000000095e-01 3.322499999999999759e-02
1.761030000000000095e-01 3.322499999999999759e-02
1.761030000000000095e-01 3.322499999999999759e-02
1.761030000000000095e-01 3.322499999999999759e-02
1.761030000000000095e-01 3.322499999999999759e-02
1.761030000000000095e-01 3.322499999999999759e-02
1.761030000000000095e-01 3.322499999999999759e-02
1.761030000000000095e-01 3.322499999999999759e-02
1.772509999999999919e-01 3.355699999999999655e-02
1.783289999999999875e-01 3.388900000000000245e-02
1.794389999999999874e-01 3.422100000000000142e-02
1.806369999999999920e-01 3.455300000000000038e-02
1.819260000000000044e-01 3.488600000000000034e-02
1.832739999999999925e-01 3.521799999999999931e-02
1.846359999999999946e-01 3.554999999999999827e-02
1.859770000000000034e-01 3.588199999999999723e-02
1.872790000000000010e-01 3.621400000000000313e-02
1.885370000000000101e-01 3.654600000000000209e-02
1.897649999999999892e-01 3.687800000000000106e-02
1.909810000000000119e-01 3.721000000000000002e-02
1.922020000000000117e-01 3.754299999999999998e-02
1.934379999999999988e-01 3.787499999999999895e-02
1.946879999999999999e-01 3.820699999999999791e-02
1.959470000000000101e-01 3.853899999999999687e-02
1.972089999999999954e-01 3.887100000000000277e-02
1.984720000000000095e-01 3.920300000000000173e-02
1.997309999999999919e-01 3.953500000000000070e-02
2.009859999999999980e-01 3.986699999999999966e-02
2.022359999999999991e-01 4.019999999999999962e-02
2.034769999999999912e-01 4.053199999999999859e-02
2.047100000000000031e-01 4.086399999999999755e-02
2.059380000000000099e-01 4.119600000000000345e-02
2.071649999999999880e-01 4.152800000000000241e-02
2.083939999999999959e-01 4.186000000000000137e-02
2.096250000000000058e-01 4.219200000000000034e-02
2.108549999999999869e-01 4.252500000000000030e-02
2.120809999999999917e-01 4.285699999999999926e-02
2.133039999999999936e-01 4.318899999999999822e-02
2.145249999999999935e-01 4.352099999999999719e-02
2.157439999999999913e-01 4.385300000000000309e-02
2.169599999999999862e-01 4.418500000000000205e-02
2.181700000000000028e-01 4.451700000000000101e-02
2.193759999999999877e-01 4.484899999999999998e-02
2.205779999999999963e-01 4.518199999999999994e-02
2.217729999999999979e-01 4.551399999999999890e-02
2.229599999999999915e-01 4.584599999999999786e-02
2.241380000000000039e-01 4.617799999999999683e-02
2.253060000000000063e-01 4.651000000000000273e-02
2.264700000000000046e-01 4.684200000000000169e-02
2.276299999999999990e-01 4.717400000000000065e-02
2.287909999999999944e-01 4.750599999999999962e-02
2.299549999999999927e-01 4.783899999999999958e-02
2.311229999999999951e-01 4.817099999999999854e-02
2.322919999999999985e-01 4.850299999999999750e-02
2.334630000000000039e-01 4.883500000000000341e-02
2.346330000000000082e-01 4.916700000000000237e-02
2.358030000000000126e-01 4.949900000000000133e-02
2.369729999999999892e-01 4.983100000000000029e-02
2.381439999999999946e-01 5.016299999999999926e-02
2.393160000000000009e-01 5.049599999999999922e-02
2.404870000000000063e-01 5.082799999999999818e-02
2.416560000000000097e-01 5.115999999999999714e-02
2.428200000000000081e-01 5.149200000000000305e-02
2.439780000000000004e-01 5.182400000000000201e-02
2.451339999999999908e-01 5.215600000000000097e-02
2.462900000000000089e-01 5.248799999999999993e-02
2.474490000000000023e-01 5.281999999999999890e-02
2.486069999999999947e-01 5.315299999999999886e-02
2.497620000000000118e-01 5.348499999999999782e-02
2.509129999999999971e-01 5.381699999999999678e-02
2.520620000000000083e-01 5.414900000000000269e-02
2.532099999999999906e-01 5.448100000000000165e-02
2.543590000000000018e-01 5.481300000000000061e-02
2.555100000000000149e-01 5.514499999999999957e-02
2.566570000000000240e-01 5.547699999999999854e-02
2.577969999999999984e-01 5.580899999999999750e-02
2.589290000000000203e-01 5.614199999999999746e-02
2.600580000000000114e-01 5.647400000000000336e-02
2.611850000000000005e-01 5.680600000000000233e-02
2.623110000000000164e-01 5.713800000000000129e-02
2.634369999999999767e-01 5.747000000000000025e-02
2.645580000000000154e-01 5.780199999999999921e-02
2.656720000000000192e-01 5.813399999999999818e-02
2.667809999999999904e-01 5.846699999999999814e-02
2.678840000000000110e-01 5.879899999999999710e-02
2.689869999999999761e-01 5.913100000000000300e-02
2.700919999999999987e-01 5.946300000000000197e-02
2.711999999999999966e-01 5.979500000000000093e-02
2.723099999999999965e-01 6.012699999999999989e-02
2.734210000000000251e-01 6.045899999999999885e-02
2.745299999999999963e-01 6.079099999999999782e-02
2.756359999999999921e-01 6.112299999999999678e-02
2.767399999999999860e-01 6.145599999999999674e-02
2.778430000000000066e-01 6.178800000000000264e-02
2.789479999999999738e-01 6.212000000000000161e-02
2.800540000000000251e-01 6.245200000000000057e-02
2.811629999999999963e-01 6.278400000000000647e-02
2.822729999999999961e-01 6.311600000000000543e-02
2.833820000000000228e-01 6.344800000000000439e-02
2.844869999999999899e-01 6.378100000000000436e-02
2.855909999999999838e-01 6.411300000000000332e-02
2.866940000000000044e-01 6.444500000000000228e-02
2.877970000000000250e-01 6.477700000000000125e-02
2.889030000000000209e-01 6.510900000000000021e-02
2.900110000000000188e-01 6.544099999999999917e-02
2.911179999999999879e-01 6.577299999999999813e-02
2.922250000000000125e-01 6.610499999999999710e-02
2.933310000000000084e-01 6.643799999999999706e-02
2.933310000000000084e-01 6.643799999999999706e-02
2.933310000000000084e-01 6.643799999999999706e-02
2.933310000000000084e-01 6.643799999999999706e-02
2.933310000000000084e-01 6.643799999999999706e-02
2.933310000000000084e-01 6.643799999999999706e-02
2.933310000000000084e-01 6.643799999999999706e-02
2.933310000000000084e-01 6.643799999999999706e-02
2.933310000000000084e-01 6.643799999999999706e-02
2.933310000000000084e-01 6.643799999999999706e-02
2.933310000000000084e-01 6.643799999999999706e-02
2.933310000000000084e-01 6.643799999999999706e-02
2.933310000000000084e-01 6.643799999999999706e-02
2.933310000000000084e-01 6.643799999999999706e-02
2.933310000000000084e-01 6.643799999999999706e-02
2.933310000000000084e-01 6.643799999999999706e-02
2.933310000000000084e-01 6.643799999999999706e-02
2.933310000000000084e-01 6.643799999999999706e-02
2.933310000000000084e-01 6.643799999999999706e-02
2.933310000000000084e-01 6.643799999999999706e-02
2.933310000000000084e-01 6.643799999999999706e-02
2.933310000000000084e-01 6.643799999999999706e-02
2.933310000000000084e-01 6.643799999999999706e-02
2.933310000000000084e-01 6.643799999999999706e-02
2.943779999999999730e-01 6.676999999999999602e-02
2.956199999999999939e-01 6.710199999999999498e-02
2.969600000000000017e-01 6.743399999999999395e-02
2.983399999999999941e-01 6.776600000000000679e-02
2.997159999999999824e-01 6.809900000000000675e-02
3.010559999999999903e-01 6.843100000000000571e-02
3.023520000000000096e-01 6.876300000000000467e-02
3.036159999999999970e-01 6.909500000000000364e-02
3.048679999999999723e-01 6.942800000000000360e-02
3.061209999999999765e-01 6.976000000000000256e-02
3.073850000000000193e-01 7.009200000000000153e-02
3.086570000000000147e-01 7.042400000000000049e-02
3.099290000000000100e-01 7.075700000000000045e-02
3.111949999999999994e-01 7.108899999999999941e-02
3.124540000000000095e-01 7.142099999999999838e-02
3.137090000000000156e-01 7.175299999999999734e-02
3.149640000000000217e-01 7.208599999999999730e-02
3.162200000000000011e-01 7.241799999999999626e-02
3.174770000000000092e-01 7.274999999999999523e-02
3.187340000000000173e-01 7.308199999999999419e-02
3.199899999999999967e-01 7.341499999999999415e-02
3.212450000000000028e-01 7.374699999999999311e-02
3.225009999999999821e-01 7.407900000000000595e-02
3.237579999999999902e-01 7.441100000000000492e-02
3.250160000000000271e-01 7.474400000000000488e-02
3.262740000000000085e-01 7.507600000000000384e-02
3.275290000000000146e-01 7.540800000000000280e-02
3.287809999999999899e-01 7.574100000000000277e-02
3.300310000000000188e-01 7.607300000000000173e-02
3.312809999999999921e-01 7.640500000000000069e-02
3.325330000000000230e-01 7.673699999999999966e-02
3.337870000000000004e-01 7.706899999999999862e-02
3.350409999999999777e-01 7.740199999999999858e-02
3.362970000000000126e-01 7.773399999999999754e-02
3.375529999999999919e-01 7.806599999999999651e-02
3.388100000000000001e-01 7.839899999999999647e-02
3.400670000000000082e-01 7.873099999999999543e-02
3.413229999999999875e-01 7.906299999999999439e-02
3.425759999999999916e-01 7.939499999999999336e-02
3.438260000000000205e-01 7.972700000000000620e-02
3.450750000000000206e-01 8.006000000000000616e-02
3.463249999999999940e-01 8.039200000000000512e-02
3.475770000000000248e-01 8.072400000000000408e-02
3.488310000000000022e-01 8.105700000000000405e-02
3.500860000000000083e-01 8.138900000000000301e-02
3.513410000000000144e-01 8.172100000000000197e-02
3.525940000000000185e-01 8.205300000000000094e-02
3.538439999999999919e-01 8.238499999999999990e-02
3.550920000000000187e-01 8.271799999999999986e-02
3.563399999999999901e-01 8.304999999999999882e-02
3.575840000000000130e-01 8.338199999999999779e-02
3.588210000000000011e-01 8.371499999999999775e-02
3.600510000000000099e-01 8.404699999999999671e-02
3.612759999999999860e-01 8.437899999999999567e-02
3.624990000000000157e-01 8.471099999999999464e-02
3.637230000000000185e-01 8.504399999999999460e-02
3.649499999999999966e-01 8.537599999999999356e-02
3.661809999999999787e-01 8.570800000000000640e-02
3.674140000000000184e-01 8.604000000000000536e-02
3.686479999999999757e-01 8.637300000000000533e-02
3.698779999999999846e-01 8.670500000000000429e-02
3.711030000000000162e-01 8.703700000000000325e-02
3.723210000000000131e-01 8.736900000000000222e-02
3.735339999999999772e-01 8.770100000000000118e-02
3.747429999999999928e-01 8.803400000000000114e-02
3.759500000000000064e-01 8.836600000000000010e-02
3.771570000000000200e-01 8.869799999999999907e-02
3.783679999999999821e-01 8.902999999999999803e-02
3.795810000000000017e-01 8.936299999999999799e-02
3.807969999999999966e-01 8.969499999999999695e-02
3.820149999999999935e-01 9.002699999999999592e-02
3.832340000000000191e-01 9.035999999999999588e-02
3.844529999999999892e-01 9.069199999999999484e-02
3.856720000000000148e-01 9.102399999999999380e-02
3.868920000000000137e-01 9.135600000000000664e-02
3.881120000000000125e-01 9.168900000000000661e-02
3.893300000000000094e-01 9.202100000000000557e-02
3.905460000000000043e-01 9.235300000000000453e-02
3.917610000000000259e-01 9.268500000000000349e-02
3.929759999999999920e-01 9.301700000000000246e-02
3.941910000000000136e-01 9.335000000000000242e-02
3.954079999999999817e-01 9.368200000000000138e-02
3.966259999999999786e-01 9.401400000000000035e-02
3.978439999999999754e-01 9.434599999999999931e-02
3.990630000000000011e-01 9.467899999999999927e-02
4.002829999999999999e-01 9.501099999999999823e-02
4.015009999999999968e-01 9.534299999999999720e-02
4.027160000000000184e-01 9.567599999999999716e-02
4.039309999999999845e-01 9.600799999999999612e-02
4.051469999999999794e-01 9.633999999999999508e-02
4.063649999999999762e-01 9.667199999999999405e-02
4.075849999999999751e-01 9.700499999999999401e-02
4.088069999999999760e-01 9.733700000000000685e-02
4.100309999999999788e-01 9.766900000000000581e-02
4.112549999999999817e-01 9.800100000000000477e-02
4.124780000000000113e-01 9.833300000000000374e-02
4.136960000000000082e-01 9.866600000000000370e-02
4.149100000000000010e-01 9.899800000000000266e-02
4.161199999999999899e-01 9.933000000000000163e-02
4.173299999999999788e-01 9.966300000000000159e-02
4.173299999999999788e-01 9.966300000000000159e-02
4.173299999999999788e-01 9.966300000000000159e-02
4.173299999999999788e-01 9.966300000000000159e-02
4.173299999999999788e-01 9.966300000000000159e-02
4.173299999999999788e-01 9.966300000000000159e-02
4.173299999999999788e-01 9.966300000000000159e-02
4.173299999999999788e-01 9.966300000000000159e-02
4.173299999999999788e-01 9.966300000000000159e-02
4.173299999999999788e-01 9.966300000000000159e-02
4.173299999999999788e-01 9.966300000000000159e-02
4.173299999999999788e-01 9.966300000000000159e-02
4.173299999999999788e-01 9.966300000000000159e-02
4.173299999999999788e-01 9.966300000000000159e-02
4.173299999999999788e-01 9.966300000000000159e-02
4.173299999999999788e-01 9.966300000000000159e-02
4.173299999999999788e-01 9.966300000000000159e-02
4.173299999999999788e-01 9.966300000000000159e-02
4.173299999999999788e-01 9.966300000000000159e-02
4.173299999999999788e-01 9.966300000000000159e-02
4.173299999999999788e-01 9.966300000000000159e-02
4.173299999999999788e-01 9.966300000000000159e-02
4.173299999999999788e-01 9.966300000000000159e-02
4.173299999999999788e-01 9.966300000000000159e-02
4.205110000000000237e-01 9.999500000000000055e-02
4.239800000000000235e-01 1.003269999999999995e-01
4.265590000000000215e-01 1.006589999999999985e-01
4.280349999999999988e-01 1.009909999999999974e-01
4.286220000000000030e-01 1.013229999999999964e-01
4.288370000000000237e-01 1.016549999999999954e-01
4.291490000000000027e-01 1.019869999999999943e-01
4.298080000000000234e-01 1.023189999999999933e-01
4.308350000000000235e-01 1.026519999999999933e-01
4.320869999999999989e-01 1.029840000000000061e-01
4.334149999999999947e-01 1.033160000000000051e-01
4.346949999999999981e-01 1.036480000000000040e-01
4.358620000000000272e-01 1.039800000000000030e-01
4.369179999999999731e-01 1.043120000000000019e-01
4.379009999999999847e-01 1.046440000000000009e-01
4.388580000000000259e-01 1.049759999999999999e-01
4.398369999999999780e-01 1.053089999999999998e-01
4.408529999999999949e-01 1.056409999999999988e-01
4.419109999999999983e-01 1.059729999999999978e-01
4.429790000000000116e-01 1.063049999999999967e-01
4.440500000000000003e-01 1.066369999999999957e-01
4.451080000000000036e-01 1.069689999999999946e-01
4.461579999999999990e-01 1.073009999999999936e-01
4.472010000000000152e-01 1.076330000000000064e-01
4.482380000000000253e-01 1.079660000000000064e-01
4.492760000000000087e-01 1.082980000000000054e-01
4.503170000000000228e-01 1.086300000000000043e-01
4.513630000000000142e-01 1.089620000000000033e-01
4.524110000000000076e-01 1.092940000000000023e-01
4.534610000000000030e-01 1.096260000000000012e-01
4.545120000000000271e-01 1.099580000000000002e-01
4.555620000000000225e-01 1.102899999999999991e-01
4.566100000000000159e-01 1.106229999999999991e-01
4.576589999999999825e-01 1.109549999999999981e-01
4.587069999999999759e-01 1.112869999999999970e-01
4.597580000000000000e-01 1.116189999999999960e-01
4.608090000000000241e-01 1.119509999999999950e-01
4.618630000000000235e-01 1.122829999999999939e-01
4.629170000000000229e-01 1.126150000000000068e-01
4.639719999999999955e-01 1.129470000000000057e-01
4.650279999999999969e-01 1.132800000000000057e-01
4.660850000000000271e-01 1.136120000000000047e-01
4.671420000000000017e-01 1.139440000000000036e-01
4.682000000000000051e-01 1.142760000000000026e-01
4.692589999999999817e-01 1.146080000000000015e-01
4.703200000000000158e-01 1.149400000000000005e-01
4.713789999999999925e-01 1.152719999999999995e-01
4.724360000000000226e-01 1.156039999999999984e-01
4.734889999999999932e-01 1.159369999999999984e-01
4.745369999999999866e-01 1.162689999999999974e-01
4.755829999999999780e-01 1.166009999999999963e-01
4.766290000000000249e-01 1.169329999999999953e-01
4.776770000000000183e-01 1.172649999999999942e-01
4.787270000000000136e-01 1.175969999999999932e-01
4.797790000000000110e-01 1.179290000000000060e-01
4.808319999999999816e-01 1.182620000000000060e-01
4.818859999999999810e-01 1.185940000000000050e-01
4.829410000000000092e-01 1.189260000000000039e-01
4.839959999999999818e-01 1.192580000000000029e-01
4.850519999999999832e-01 1.195900000000000019e-01
4.861079999999999846e-01 1.199220000000000008e-01
4.871619999999999839e-01 1.202539999999999998e-01
4.882159999999999833e-01 1.205859999999999987e-01
4.892679999999999807e-01 1.209179999999999977e-01
4.903199999999999781e-01 1.212509999999999977e-01
4.913710000000000022e-01 1.215829999999999966e-01
4.924229999999999996e-01 1.219149999999999956e-01
4.934769999999999990e-01 1.222469999999999946e-01
4.945309999999999984e-01 1.225789999999999935e-01
4.955879999999999730e-01 1.229110000000000064e-01
4.966419999999999724e-01 1.232430000000000053e-01
4.976920000000000233e-01 1.235760000000000053e-01
4.987389999999999879e-01 1.239080000000000042e-01
4.997840000000000060e-01 1.242400000000000032e-01
5.008299999999999974e-01 1.245720000000000022e-01
5.018789999999999640e-01 1.249040000000000011e-01
5.029280000000000417e-01 1.252359999999999862e-01
5.039789999999999548e-01 1.255680000000000129e-01
5.050310000000000077e-01 1.259000000000000119e-01
5.060839999999999783e-01 1.262320000000000109e-01
5.071360000000000312e-01 1.265650000000000108e-01
5.081879999999999731e-01 1.268970000000000098e-01
5.092370000000000507e-01 1.272290000000000088e-01
5.102870000000000461e-01 1.275610000000000077e-01
5.113360000000000127e-01 1.278930000000000067e-01
5.123860000000000081e-01 1.282250000000000056e-01
5.134379999999999500e-01 1.285570000000000046e-01
5.144900000000000029e-01 1.288900000000000046e-01
5.155429999999999735e-01 1.292220000000000035e-01
5.165939999999999976e-01 1.295540000000000025e-01
5.176460000000000505e-01 1.298860000000000015e-01
5.187000000000000499e-01 1.302180000000000004e-01
5.197540000000000493e-01 1.305499999999999994e-01
5.208080000000000487e-01 1.308819999999999983e-01
5.218620000000000481e-01 1.312139999999999973e-01
5.229129999999999612e-01 1.315459999999999963e-01
5.239610000000000101e-01 1.318789999999999962e-01
5.250089999999999479e-01 1.322109999999999952e-01
5.260580000000000256e-01 1.325429999999999942e-01
5.271090000000000497e-01 1.328749999999999931e-01
5.271090000000000497e-01 1.328749999999999931e-01
5.271090000000000497e-01 1.328749999999999931e-01
5.271090000000000497e-01 1.328749999999999931e-01
5.271090000000000497e-01 1.328749999999999931e-01
5.271090000000000497e-01 1.328749999999999931e-01
5.271090000000000497e-01 1.328749999999999931e-01
5.271090000000000497e-01 1.328749999999999931e-01
5.271090000000000497e-01 1.328749999999999931e-01
5.271090000000000497e-01 1.328749999999999931e-01
5.271090000000000497e-01 1.328749999999999931e-01
5.271090000000000497e-01 1.328749999999999931e-01
5.271090000000000497e-01 1.328749999999999931e-01
5.271090000000000497e-01 1.328749999999999931e-01
5.271090000000000497e-01 1.328749999999999931e-01
5.271090000000000497e-01 1.328749999999999931e-01
5.271090000000000497e-01 1.328749999999999931e-01
5.271090000000000497e-01 1.328749999999999931e-01
5.271090000000000497e-01 1.328749999999999931e-01
5.271090000000000497e-01 1.328749999999999931e-01
5.271090000000000497e-01 1.328749999999999931e-01
5.271090000000000497e-01 1.328749999999999931e-01
5.271090000000000497e-01 1.328749999999999931e-01
5.271090000000000497e-01 1.328749999999999931e-01
5.507260000000000488e-01 1.395200000000000051e-01
5.717550000000000132e-01 1.461649999999999894e-01
5.930100000000000371e-01 1.528100000000000014e-01
6.141419999999999657e-01 1.594550000000000134e-01
6.354030000000000511e-01 1.660999999999999976e-01
6.354030000000000511e-01 1.660999999999999976e-01
6.354030000000000511e-01 1.660999999999999976e-01
6.354030000000000511e-01 1.660999999999999976e-01
6.354030000000000511e-01 1.660999999999999976e-01
6.354030000000000511e-01 1.660999999999999976e-01
6.354030000000000511e-01 1.660999999999999976e-01
6.354030000000000511e-01 1.660999999999999976e-01
6.354030000000000511e-01 1.660999999999999976e-01
6.354030000000000511e-01 1.660999999999999976e-01
6.354030000000000511e-01 1.660999999999999976e-01
6.354030000000000511e-01 1.660999999999999976e-01
6.354030000000000511e-01 1.660999999999999976e-01
6.354030000000000511e-01 1.660999999999999976e-01
6.354030000000000511e-01 1.660999999999999976e-01
6.354030000000000511e-01 1.660999999999999976e-01
6.354030000000000511e-01 1.660999999999999976e-01
6.354030000000000511e-01 1.660999999999999976e-01
6.354030000000000511e-01 1.660999999999999976e-01
6.354030000000000511e-01 1.660999999999999976e-01
6.354030000000000511e-01 1.660999999999999976e-01
6.354030000000000511e-01 1.660999999999999976e-01
6.354030000000000511e-01 1.660999999999999976e-01
6.354030000000000511e-01 1.660999999999999976e-01
6.966989999999999572e-01 1.793849999999999889e-01
7.634680000000000355e-01 1.926700000000000079e-01
7.978910000000000169e-01 1.993129999999999902e-01
7.978910000000000169e-01 1.993129999999999902e-01
7.978910000000000169e-01 1.993129999999999902e-01
7.978910000000000169e-01 1.993129999999999902e-01
7.978910000000000169e-01 1.993129999999999902e-01
7.978910000000000169e-01 1.993129999999999902e-01
7.978910000000000169e-01 1.993129999999999902e-01
7.978910000000000169e-01 1.993129999999999902e-01
7.978910000000000169e-01 1.993129999999999902e-01
7.978910000000000169e-01 1.993129999999999902e-01
7.978910000000000169e-01 1.993129999999999902e-01
7.978910000000000169e-01 1.993129999999999902e-01
7.978910000000000169e-01 1.993129999999999902e-01
7.978910000000000169e-01 1.993129999999999902e-01
7.978910000000000169e-01 1.993129999999999902e-01
7.978910000000000169e-01 1.993129999999999902e-01
7.978910000000000169e-01 1.993129999999999902e-01
7.978910000000000169e-01 1.993129999999999902e-01
7.978910000000000169e-01 1.993129999999999902e-01
7.978910000000000169e-01 1.993129999999999902e-01
7.978910000000000169e-01 1.993129999999999902e-01
7.978910000000000169e-01 1.993129999999999902e-01
7.978910000000000169e-01 1.993129999999999902e-01
7.978910000000000169e-01 1.993129999999999902e-01
8.248240000000000016e-01 2.059570000000000012e-01
8.506050000000000555e-01 2.126020000000000132e-01
8.772010000000000085e-01 2.192479999999999984e-01
9.046020000000000172e-01 2.258920000000000095e-01
9.329009999999999803e-01 2.325379999999999947e-01
9.329009999999999803e-01 2.325379999999999947e-01
9.329009999999999803e-01 2.325379999999999947e-01
9.329009999999999803e-01 2.325379999999999947e-01
9.329009999999999803e-01 2.325379999999999947e-01
9.329009999999999803e-01 2.325379999999999947e-01
9.329009999999999803e-01 2.325379999999999947e-01
9.329009999999999803e-01 2.325379999999999947e-01
9.329009999999999803e-01 2.325379999999999947e-01
9.329009999999999803e-01 2.325379999999999947e-01
9.329009999999999803e-01 2.325379999999999947e-01
9.329009999999999803e-01 2.325379999999999947e-01
9.329009999999999803e-01 2.325379999999999947e-01
9.329009999999999803e-01 2.325379999999999947e-01
9.329009999999999803e-01 2.325379999999999947e-01
9.329009999999999803e-01 2.325379999999999947e-01
9.329009999999999803e-01 2.325379999999999947e-01
9.329009999999999803e-01 2.325379999999999947e-01
9.329009999999999803e-01 2.325379999999999947e-01
9.329009999999999803e-01 2.325379999999999947e-01
9.329009999999999803e-01 2.325379999999999947e-01
9.329009999999999803e-01 2.325379999999999947e-01
9.329009999999999803e-01 2.325379999999999947e-01
9.329009999999999803e-01 2.325379999999999947e-01
9.785880000000000134e-01 2.391820000000000057e-01
1.009746999999999950e+00 2.458269999999999900e-01
1.037331999999999921e+00 2.524730000000000030e-01
1.065503000000000089e+00 2.591169999999999862e-01
1.095029000000000030e+00 2.657630000000000270e-01
1.095029000000000030e+00 2.657630000000000270e-01
1.095029000000000030e+00 2.657630000000000270e-01
1.095029000000000030e+00 2.657630000000000270e-01
1.095029000000000030e+00 2.657630000000000270e-01
1.095029000000000030e+00 2.657630000000000270e-01
1.095029000000000030e+00 2.657630000000000270e-01
1.095029000000000030e+00 2.657630000000000270e-01
1.095029000000000030e+00 2.657630000000000270e-01
1.095029000000000030e+00 2.657630000000000270e-01
1.095029000000000030e+00 2.657630000000000270e-01
1.095029000000000030e+00 2.657630000000000270e-01
1.095029000000000030e+00 2.657630000000000270e-01
1.095029000000000030e+00 2.657630000000000270e-01
1.095029000000000030e+00 2.657630000000000270e-01
1.095029000000000030e+00 2.657630000000000270e-01
1.095029000000000030e+00 2.657630000000000270e-01
1.095029000000000030e+00 2.657630000000000270e-01
1.095029000000000030e+00 2.657630000000000270e-01
1.095029000000000030e+00 2.657630000000000270e-01
1.095029000000000030e+00 2.657630000000000270e-01
1.095029000000000030e+00 2.657630000000000270e-01
1.095029000000000030e+00 2.657630000000000270e-01
1.095029000000000030e+00 2.657630000000000270e-01
1.142600999999999978e+00 2.724050000000000082e-01
1.194916000000000089e+00 2.790469999999999895e-01
1.253484000000000043e+00 2.856899999999999995e-01
1.319795000000000051e+00 2.923319999999999808e-01
1.397383000000000042e+00 2.989749999999999908e-01
1.397383000000000042e+00 2.989749999999999908e-01
1.397383000000000042e+00 2.989749999999999908e-01
1.397383000000000042e+00 2.989749999999999908e-01
1.397383000000000042e+00 2.989749999999999908e-01
1.397383000000000042e+00 2.989749999999999908e-01
1.397383000000000042e+00 2.989749999999999908e-01
1.397383000000000042e+00 2.989749999999999908e-01
1.397383000000000042e+00 2.989749999999999908e-01
1.397383000000000042e+00 2.989749999999999908e-01
1.397383000000000042e+00 2.989749999999999908e-01
1.397383000000000042e+00 2.989749999999999908e-01
1.397383000000000042e+00 2.989749999999999908e-01
1.397383000000000042e+00 2.989749999999999908e-01
1.397383000000000042e+00 2.989749999999999908e-01
1.397383000000000042e+00 2.989749999999999908e-01
1.397383000000000042e+00 2.989749999999999908e-01
1.397383000000000042e+00 2.989749999999999908e-01
1.397383000000000042e+00 2.989749999999999908e-01
1.397383000000000042e+00 2.989749999999999908e-01
1.397383000000000042e+00 2.989749999999999908e-01
1.397383000000000042e+00 2.989749999999999908e-01
1.397383000000000042e+00 2.989749999999999908e-01
1.397383000000000042e+00 2.989749999999999908e-01
1.589790000000000036e+00 3.056200000000000028e-01
