0.000000000000000000e+00 0.000000000000000000e+00
-0.000000000000000000e+00 0.000000000000000000e+00
-0.000000000000000000e+00 0.000000000000000000e+00
-0.000000000000000000e+00 0.000000000000000000e+00
-0.000000000000000000e+00 0.000000000000000000e+00
-0.000000000000000000e+00 0.000000000000000000e+00
-0.000000000000000000e+00 0.000000000000000000e+00
-0.000000000000000000e+00 0.000000000000000000e+00
-0.000000000000000000e+00 0.000000000000000000e+00
-0.000000000000000000e+00 0.000000000000000000e+00
-0.000000000000000000e+00 0.000000000000000000e+00
-0.000000000000000000e+00 0.000000000000000000e+00
-0.000000000000000000e+00 0.000000000000000000e+00
-0.000000000000000000e+00 0.000000000000000000e+00
-0.000000000000000000e+00 0.000000000000000000e+00
-0.000000000000000000e+00 0.000000000000000000e+00
-0.000000000000000000e+00 0.000000000000000000e+00
-0.000000000000000000e+00 0.000000000000000000e+00
-0.000000000000000000e+00 0.000000000000000000e+00
-0.000000000000000000e+00 0.000000000000000000e+00
-0.000000000000000000e+00 0.000000000000000000e+00
-0.000000000000000000e+00 0.000000000000000000e+00
-0.000000000000000000e+00 0.000000000000000000e+00
6.912799999999999501e-02 6.644999999999999865e-03
1.074019999999999975e-01 1.328999999999999973e-02
1.407930000000000015e-01 1.993500000000000133e-02
1.711249999999999993e-01 2.657999999999999946e-02
1.995419999999999972e-01 3.322499999999999759e-02
1.995419999999999972e-01 3.322499999999999759e-02
1.995419999999999972e-01 3.322499999999999759e-02
1.995419999999999972e-01 3.322499999999999759e-02
1.995419999999999972e-01 3.322499999999999759e-02
1.995419999999999972e-01 3.322499999999999759e-02
1.995419999999999972e-01 3.322499999999999759e-02
1.995419999999999972e-01 3.322499999999999759e-02
1.995419999999999972e-01 3.322499999999999759e-02
1.995419999999999972e-01 3.322499999999999759e-02
1.995419999999999972e-01 3.322499999999999759e-02
1.995419999999999972e-01 3.322499999999999759e-02
1.995419999999999972e-01 3.322499999999999759e-02
1.995419999999999972e-01 3.322499999999999759e-02
1.995419999999999972e-01 3.322499999999999759e-02
1.995419999999999972e-01 3.322499999999999759e-02
1.995419999999999972e-01 3.322499999999999759e-02
1.995419999999999972e-01 3.322499999999999759e-02
1.995419999999999972e-01 3.322499999999999759e-02
1.995419999999999972e-01 3.322499999999999759e-02
1.995419999999999972e-01 3.322499999999999759e-02
1.995419999999999972e-01 3.322499999999999759e-02
1.995419999999999972e-01 3.322499999999999759e-02
1.995419999999999972e-01 3.322499999999999759e-02
2.338570000000000093e-01 3.986699999999999966e-02
2.653220000000000023e-01 4.651000000000000273e-02
2.958859999999999824e-01 5.315299999999999886e-02
3.257550000000000168e-01 5.979500000000000093e-02
3.552710000000000035e-01 6.643799999999999706e-02
3.552710000000000035e-01 6.643799999999999706e-02
3.552710000000000035e-01 6.643799999999999706e-02
3.552710000000000035e-01 6.643799999999999706e-02
3.552710000000000035e-01 6.643799999999999706e-02
3.552710000000000035e-01 6.643799999999999706e-02
3.552710000000000035e-01 6.643799999999999706e-02
3.552710000000000035e-01 6.643799999999999706e-02
3.552710000000000035e-01 6.643799999999999706e-02
3.552710000000000035e-01 6.643799999999999706e-02
3.552710000000000035e-01 6.643799999999999706e-02
3.552710000000000035e-01 6.643799999999999706e-02
3.552710000000000035e-01 6.643799999999999706e-02
3.552710000000000035e-01 6.643799999999999706e-02
3.552710000000000035e-01 6.643799999999999706e-02
3.552710000000000035e-01 6.643799999999999706e-02
3.552710000000000035e-01 6.643799999999999706e-02
3.552710000000000035e-01 6.643799999999999706e-02
3.552710000000000035e-01 6.643799999999999706e-02
3.552710000000000035e-01 6.643799999999999706e-02
3.552710000000000035e-01 6.643799999999999706e-02
3.552710000000000035e-01 6.643799999999999706e-02
3.552710000000000035e-01 6.643799999999999706e-02
3.552710000000000035e-01 6.643799999999999706e-02
3.867709999999999759e-01 7.308199999999999419e-02
4.155030000000000112e-01 7.972700000000000620e-02
4.439879999999999938e-01 8.637300000000000533e-02
4.727859999999999840e-01 9.301700000000000246e-02
5.016589999999999661e-01 9.966300000000000159e-02
5.016589999999999661e-01 9.966300000000000159e-02
5.016589999999999661e-01 9.966300000000000159e-02
5.016589999999999661e-01 9.966300000000000159e-02
5.016589999999999661e-01 9.966300000000000159e-02
5.016589999999999661e-01 9.966300000000000159e-02
5.016589999999999661e-01 9.966300000000000159e-02
5.016589999999999661e-01 9.966300000000000159e-02
5.016589999999999661e-01 9.966300000000000159e-02
5.016589999999999661e-01 9.966300000000000159e-02
5.016589999999999661e-01 9.966300000000000159e-02
5.016589999999999661e-01 9.966300000000000159e-02
5.016589999999999661e-01 9.966300000000000159e-02
5.016589999999999661e-01 9.966300000000000159e-02
5.016589999999999661e-01 9.966300000000000159e-02
5.016589999999999661e-01 9.966300000000000159e-02
5.016589999999999661e-01 9.966300000000000159e-02
5.016589999999999661e-01 9.966300000000000159e-02
5.016589999999999661e-01 9.966300000000000159e-02
5.016589999999999661e-01 9.966300000000000159e-02
5.016589999999999661e-01 9.966300000000000159e-02
5.016589999999999661e-01 9.966300000000000159e-02
5.016589999999999661e-01 9.966300000000000159e-02
5.016589999999999661e-01 9.966300000000000159e-02
5.226119999999999655e-01 1.063049999999999967e-01
5.559960000000000457e-01 1.129470000000000057e-01
5.892380000000000395e-01 1.195900000000000019e-01
6.231780000000000097e-01 1.262320000000000109e-01
6.577950000000000186e-01 1.328749999999999931e-01
6.577950000000000186e-01 1.328749999999999931e-01
6.577950000000000186e-01 1.328749999999999931e-01
6.577950000000000186e-01 1.328749999999999931e-01
6.577950000000000186e-01 1.328749999999999931e-01
6.577950000000000186e-01 1.328749999999999931e-01
6.577950000000000186e-01 1.328749999999999931e-01
6.577950000000000186e-01 1.328749999999999931e-01
6.577950000000000186e-01 1.328749999999999931e-01
6.577950000000000186e-01 1.328749999999999931e-01
6.577950000000000186e-01 1.328749999999999931e-01
6.577950000000000186e-01 1.328749999999999931e-01
6.577950000000000186e-01 1.328749999999999931e-01
6.577950000000000186e-01 1.328749999999999931e-01
6.577950000000000186e-01 1.328749999999999931e-01
6.577950000000000186e-01 1.328749999999999931e-01
6.577950000000000186e-01 1.328749999999999931e-01
6.577950000000000186e-01 1.328749999999999931e-01
6.577950000000000186e-01 1.328749999999999931e-01
6.577950000000000186e-01 1.328749999999999931e-01
6.577950000000000186e-01 1.328749999999999931e-01
6.577950000000000186e-01 1.328749999999999931e-01
6.577950000000000186e-01 1.328749999999999931e-01
6.577950000000000186e-01 1.328749999999999931e-01
6.961279999999999690e-01 1.395200000000000051e-01
7.377620000000000289e-01 1.461649999999999894e-01
7.810709999999999598e-01 1.528100000000000014e-01
8.262599999999999945e-01 1.594550000000000134e-01
8.740590000000000304e-01 1.660999999999999976e-01
8.740590000000000304e-01 1.660999999999999976e-01
8.740590000000000304e-01 1.660999999999999976e-01
8.740590000000000304e-01 1.660999999999999976e-01
8.740590000000000304e-01 1.660999999999999976e-01
8.740590000000000304e-01 1.660999999999999976e-01
8.740590000000000304e-01 1.660999999999999976e-01
8.740590000000000304e-01 1.660999999999999976e-01
8.740590000000000304e-01 1.660999999999999976e-01
8.740590000000000304e-01 1.660999999999999976e-01
8.740590000000000304e-01 1.660999999999999976e-01
8.740590000000000304e-01 1.660999999999999976e-01
8.740590000000000304e-01 1.660999999999999976e-01
8.740590000000000304e-01 1.660999999999999976e-01
8.740590000000000304e-01 1.660999999999999976e-01
8.740590000000000304e-01 1.660999999999999976e-01
8.740590000000000304e-01 1.660999999999999976e-01
8.740590000000000304e-01 1.660999999999999976e-01
8.740590000000000304e-01 1.660999999999999976e-01
8.740590000000000304e-01 1.660999999999999976e-01
8.740590000000000304e-01 1.660999999999999976e-01
8.740590000000000304e-01 1.660999999999999976e-01
8.740590000000000304e-01 1.660999999999999976e-01
8.740590000000000304e-01 1.660999999999999976e-01
9.324799999999999756e-01 1.727420000000000067e-01
9.965600000000000014e-01 1.793849999999999889e-01
1.067979000000000012e+00 1.860279999999999989e-01
1.148582999999999910e+00 1.926700000000000079e-01
1.242455000000000087e+00 1.993129999999999902e-01
1.242455000000000087e+00 1.993129999999999902e-01
1.242455000000000087e+00 1.993129999999999902e-01
1.242455000000000087e+00 1.993129999999999902e-01
1.242455000000000087e+00 1.993129999999999902e-01
1.242455000000000087e+00 1.993129999999999902e-01
1.242455000000000087e+00 1.993129999999999902e-01
1.242455000000000087e+00 1.993129999999999902e-01
1.242455000000000087e+00 1.993129999999999902e-01
1.242455000000000087e+00 1.993129999999999902e-01
1.242455000000000087e+00 1.993129999999999902e-01
1.242455000000000087e+00 1.993129999999999902e-01
1.242455000000000087e+00 1.993129999999999902e-01
1.242455000000000087e+00 1.993129999999999902e-01
1.242455000000000087e+00 1.993129999999999902e-01
1.242455000000000087e+00 1.993129999999999902e-01
1.242455000000000087e+00 1.993129999999999902e-01
1.242455000000000087e+00 1.993129999999999902e-01
1.242455000000000087e+00 1.993129999999999902e-01
1.242455000000000087e+00 1.993129999999999902e-01
1.242455000000000087e+00 1.993129999999999902e-01
1.242455000000000087e+00 1.993129999999999902e-01
1.242455000000000087e+00 1.993129999999999902e-01
1.242455000000000087e+00 1.993129999999999902e-01
1.250985999999999931e+00 1.996449999999999891e-01
1.262073000000000000e+00 1.999769999999999881e-01
1.275042000000000009e+00 2.003089999999999871e-01
1.287579999999999947e+00 2.006410000000000138e-01
1.297825999999999924e+00 2.009740000000000137e-01
1.304956999999999923e+00 2.013060000000000127e-01
1.308472000000000079e+00 2.016380000000000117e-01
1.308794999999999931e+00 2.019700000000000106e-01
1.307040999999999897e+00 2.023030000000000106e-01
1.304745999999999961e+00 2.026350000000000096e-01
1.303514999999999979e+00 2.029670000000000085e-01
1.304699999999999971e+00 2.032990000000000075e-01
1.309061999999999948e+00 2.036320000000000074e-01
1.316731000000000096e+00 2.039640000000000064e-01
1.327099000000000029e+00 2.042960000000000054e-01
1.338942999999999994e+00 2.046280000000000043e-01
1.351005999999999929e+00 2.049610000000000043e-01
1.361982999999999944e+00 2.052930000000000033e-01
1.371053000000000077e+00 2.056250000000000022e-01
1.377647000000000066e+00 2.059570000000000012e-01
1.381718999999999919e+00 2.062900000000000011e-01
1.383682000000000079e+00 2.066220000000000001e-01
1.384279999999999955e+00 2.069539999999999991e-01
1.384562000000000070e+00 2.072859999999999980e-01
1.385558999999999985e+00 2.076189999999999980e-01
1.388182000000000027e+00 2.079509999999999970e-01
1.393056000000000072e+00 2.082829999999999959e-01
1.400387999999999966e+00 2.086159999999999959e-01
1.410085999999999951e+00 2.089479999999999948e-01
1.421527999999999903e+00 2.092799999999999938e-01
1.434018999999999933e+00 2.096119999999999928e-01
1.446825999999999945e+00 2.099439999999999917e-01
1.459022000000000041e+00 2.102769999999999917e-01
1.470167999999999919e+00 2.106089999999999907e-01
1.479730999999999908e+00 2.109409999999999896e-01
1.487875999999999976e+00 2.112739999999999896e-01
