0.000000000000000000e+00 0.000000000000000000e+00
-0.000000000000000000e+00 0.000000000000000000e+00
-0.000000000000000000e+00 0.000000000000000000e+00
-0.000000000000000000e+00 0.000000000000000000e+00
-0.000000000000000000e+00 0.000000000000000000e+00
-0.000000000000000000e+00 0.000000000000000000e+00
-0.000000000000000000e+00 0.000000000000000000e+00
-0.000000000000000000e+00 0.000000000000000000e+00
-0.000000000000000000e+00 0.000000000000000000e+00
-0.000000000000000000e+00 0.000000000000000000e+00
-0.000000000000000000e+00 0.000000000000000000e+00
-0.000000000000000000e+00 0.000000000000000000e+00
-0.000000000000000000e+00 0.000000000000000000e+00
-0.000000000000000000e+00 0.000000000000000000e+00
-0.000000000000000000e+00 0.000000000000000000e+00
-0.000000000000000000e+00 0.000000000000000000e+00
-0.000000000000000000e+00 0.000000000000000000e+00
-0.000000000000000000e+00 0.000000000000000000e+00
-0.000000000000000000e+00 0.000000000000000000e+00
-0.000000000000000000e+00 0.000000000000000000e+00
-0.000000000000000000e+00 0.000000000000000000e+00
-0.000000000000000000e+00 0.000000000000000000e+00
-0.000000000000000000e+00 0.000000000000000000e+00
7.288400000000000434e-02 6.644999999999999865e-03
1.115799999999999986e-01 1.328999999999999973e-02
1.441600000000000104e-01 1.993500000000000133e-02
1.740919999999999968e-01 2.657999999999999946e-02
2.023349999999999871e-01 3.322499999999999759e-02
2.023349999999999871e-01 3.322499999999999759e-02
2.023349999999999871e-01 3.322499999999999759e-02
2.023349999999999871e-01 3.322499999999999759e-02
2.023349999999999871e-01 3.322499999999999759e-02
2.023349999999999871e-01 3.322499999999999759e-02
2.023349999999999871e-01 3.322499999999999759e-02
2.023349999999999871e-01 3.322499999999999759e-02
2.023349999999999871e-01 3.322499999999999759e-02
2.023349999999999871e-01 3.322499999999999759e-02
2.023349999999999871e-01 3.322499999999999759e-02
2.023349999999999871e-01 3.322499999999999759e-02
2.023349999999999871e-01 3.322499999999999759e-02
2.023349999999999871e-01 3.322499999999999759e-02
2.023349999999999871e-01 3.322499999999999759e-02
2.023349999999999871e-01 3.322499999999999759e-02
2.023349999999999871e-01 3.322499999999999759e-02
2.023349999999999871e-01 3.322499999999999759e-02
2.023349999999999871e-01 3.322499999999999759e-02
2.023349999999999871e-01 3.322499999999999759e-02
2.023349999999999871e-01 3.322499999999999759e-02
2.023349999999999871e-01 3.322499999999999759e-02
2.023349999999999871e-01 3.322499999999999759e-02
2.023349999999999871e-01 3.322499999999999759e-02
2.035160000000000025e-01 3.355699999999999655e-02
2.047700000000000076e-01 3.388900000000000245e-02
2.060889999999999944e-01 3.422100000000000142e-02
2.075049999999999950e-01 3.455300000000000038e-02
2.090049999999999963e-01 3.488600000000000034e-02
2.105400000000000049e-01 3.521799999999999931e-02
2.120579999999999965e-01 3.554999999999999827e-02
2.135309999999999986e-01 3.588199999999999723e-02
2.149560000000000082e-01 3.621400000000000313e-02
2.163559999999999928e-01 3.654600000000000209e-02
2.177489999999999981e-01 3.687800000000000106e-02
2.191510000000000125e-01 3.721000000000000002e-02
2.205689999999999873e-01 3.754299999999999998e-02
2.220010000000000039e-01 3.787499999999999895e-02
2.234420000000000017e-01 3.820699999999999791e-02
2.248829999999999996e-01 3.853899999999999687e-02
2.263209999999999944e-01 3.887100000000000277e-02
2.277490000000000070e-01 3.920300000000000173e-02
2.291680000000000106e-01 3.953500000000000070e-02
2.305810000000000082e-01 3.986699999999999966e-02
2.319950000000000068e-01 4.019999999999999962e-02
2.334120000000000084e-01 4.053199999999999859e-02
2.348339999999999872e-01 4.086399999999999755e-02
2.362599999999999978e-01 4.119600000000000345e-02
2.376820000000000044e-01 4.152800000000000241e-02
2.390960000000000030e-01 4.186000000000000137e-02
2.405039999999999956e-01 4.219200000000000034e-02
2.419040000000000079e-01 4.252500000000000030e-02
2.432979999999999865e-01 4.285699999999999926e-02
2.446869999999999878e-01 4.318899999999999822e-02
2.460769999999999902e-01 4.352099999999999719e-02
2.474629999999999885e-01 4.385300000000000309e-02
2.488450000000000106e-01 4.418500000000000205e-02
2.502240000000000020e-01 4.451700000000000101e-02
2.516030000000000211e-01 4.484899999999999998e-02
2.529819999999999847e-01 4.518199999999999994e-02
2.543590000000000018e-01 4.551399999999999890e-02
2.557360000000000189e-01 4.584599999999999786e-02
2.571129999999999804e-01 4.617799999999999683e-02
2.584899999999999975e-01 4.651000000000000273e-02
2.598639999999999839e-01 4.684200000000000169e-02
2.612349999999999950e-01 4.717400000000000065e-02
2.626040000000000041e-01 4.750599999999999962e-02
2.639730000000000132e-01 4.783899999999999958e-02
2.653429999999999955e-01 4.817099999999999854e-02
2.667109999999999759e-01 4.850299999999999750e-02
2.680770000000000097e-01 4.883500000000000341e-02
2.694409999999999861e-01 4.916700000000000237e-02
2.708070000000000199e-01 4.949900000000000133e-02
2.721759999999999735e-01 4.983100000000000029e-02
2.735480000000000134e-01 5.016299999999999926e-02
2.749219999999999997e-01 5.049599999999999922e-02
2.762990000000000168e-01 5.082799999999999818e-02
2.776750000000000052e-01 5.115999999999999714e-02
2.790469999999999895e-01 5.149200000000000305e-02
2.804159999999999986e-01 5.182400000000000201e-02
2.817810000000000037e-01 5.215600000000000097e-02
2.831409999999999760e-01 5.248799999999999993e-02
2.844990000000000019e-01 5.281999999999999890e-02
2.858539999999999970e-01 5.315299999999999886e-02
2.872060000000000168e-01 5.348499999999999782e-02
2.885570000000000079e-01 5.381699999999999678e-02
2.899019999999999930e-01 5.414900000000000269e-02
2.912390000000000256e-01 5.448100000000000165e-02
2.925699999999999967e-01 5.481300000000000061e-02
2.938999999999999946e-01 5.514499999999999957e-02
2.952299999999999924e-01 5.547699999999999854e-02
2.965610000000000190e-01 5.580899999999999750e-02
2.978930000000000189e-01 5.614199999999999746e-02
2.992279999999999940e-01 5.647400000000000336e-02
3.005650000000000266e-01 5.680600000000000233e-02
3.019049999999999789e-01 5.713800000000000129e-02
3.032469999999999888e-01 5.747000000000000025e-02
3.045900000000000274e-01 5.780199999999999921e-02
3.059290000000000065e-01 5.813399999999999818e-02
3.072610000000000063e-01 5.846699999999999814e-02
3.085870000000000002e-01 5.879899999999999710e-02
3.099109999999999920e-01 5.913100000000000300e-02
3.112380000000000146e-01 5.946300000000000197e-02
3.125700000000000145e-01 5.979500000000000093e-02
3.139060000000000183e-01 6.012699999999999989e-02
3.152449999999999974e-01 6.045899999999999885e-02
3.165859999999999785e-01 6.079099999999999782e-02
3.179259999999999864e-01 6.112299999999999678e-02
3.192670000000000230e-01 6.145599999999999674e-02
3.206080000000000041e-01 6.178800000000000264e-02
3.219509999999999872e-01 6.212000000000000161e-02
3.232940000000000258e-01 6.245200000000000057e-02
3.246359999999999801e-01 6.278400000000000647e-02
3.259779999999999900e-01 6.311600000000000543e-02
3.273199999999999998e-01 6.344800000000000439e-02
3.286609999999999809e-01 6.378100000000000436e-02
3.300009999999999888e-01 6.411300000000000332e-02
3.313360000000000194e-01 6.444500000000000228e-02
3.326660000000000172e-01 6.477700000000000125e-02
3.339940000000000131e-01 6.510900000000000021e-02
3.353220000000000089e-01 6.544099999999999917e-02
3.366509999999999780e-01 6.577299999999999813e-02
3.379820000000000046e-01 6.610499999999999710e-02
3.393100000000000005e-01 6.643799999999999706e-02
3.393100000000000005e-01 6.643799999999999706e-02
3.393100000000000005e-01 6.643799999999999706e-02
3.393100000000000005e-01 6.643799999999999706e-02
3.393100000000000005e-01 6.643799999999999706e-02
3.393100000000000005e-01 6.643799999999999706e-02
3.393100000000000005e-01 6.643799999999999706e-02
3.393100000000000005e-01 6.643799999999999706e-02
3.393100000000000005e-01 6.643799999999999706e-02
3.393100000000000005e-01 6.643799999999999706e-02
3.393100000000000005e-01 6.643799999999999706e-02
3.393100000000000005e-01 6.643799999999999706e-02
3.393100000000000005e-01 6.643799999999999706e-02
3.393100000000000005e-01 6.643799999999999706e-02
3.393100000000000005e-01 6.643799999999999706e-02
3.393100000000000005e-01 6.643799999999999706e-02
3.393100000000000005e-01 6.643799999999999706e-02
3.393100000000000005e-01 6.643799999999999706e-02
3.393100000000000005e-01 6.643799999999999706e-02
3.393100000000000005e-01 6.643799999999999706e-02
3.393100000000000005e-01 6.643799999999999706e-02
3.393100000000000005e-01 6.643799999999999706e-02
3.393100000000000005e-01 6.643799999999999706e-02
3.393100000000000005e-01 6.643799999999999706e-02
3.402120000000000144e-01 6.676999999999999602e-02
3.411879999999999913e-01 6.710199999999999498e-02
3.423599999999999977e-01 6.743399999999999395e-02
3.437359999999999860e-01 6.776600000000000679e-02
3.452290000000000081e-01 6.809900000000000675e-02
3.467500000000000027e-01 6.843100000000000571e-02
3.482299999999999840e-01 6.876300000000000467e-02
3.496429999999999816e-01 6.909500000000000364e-02
3.510010000000000074e-01 6.942800000000000360e-02
3.523319999999999785e-01 6.976000000000000256e-02
3.536630000000000051e-01 7.009200000000000153e-02
3.550170000000000270e-01 7.042400000000000049e-02
3.563890000000000113e-01 7.075700000000000045e-02
3.577750000000000097e-01 7.108899999999999941e-02
3.591610000000000080e-01 7.142099999999999838e-02
3.605510000000000104e-01 7.175299999999999734e-02
3.619310000000000027e-01 7.208599999999999730e-02
3.633199999999999763e-01 7.241799999999999626e-02
3.646949999999999914e-01 7.274999999999999523e-02
3.660740000000000105e-01 7.308199999999999419e-02
3.674740000000000228e-01 7.341499999999999415e-02
3.688770000000000104e-01 7.374699999999999311e-02
3.702670000000000128e-01 7.407900000000000595e-02
3.716709999999999736e-01 7.441100000000000492e-02
3.730550000000000255e-01 7.474400000000000488e-02
3.744520000000000071e-01 7.507600000000000384e-02
3.758529999999999927e-01 7.540800000000000280e-02
3.772499999999999742e-01 7.574100000000000277e-02
3.786390000000000033e-01 7.607300000000000173e-02
3.800209999999999977e-01 7.640500000000000069e-02
3.813989999999999880e-01 7.673699999999999966e-02
3.827789999999999804e-01 7.706899999999999862e-02
3.841609999999999747e-01 7.740199999999999858e-02
3.855439999999999978e-01 7.773399999999999754e-02
3.869250000000000189e-01 7.806599999999999651e-02
3.883030000000000093e-01 7.839899999999999647e-02
3.896789999999999976e-01 7.873099999999999543e-02
3.910580000000000167e-01 7.906299999999999439e-02
3.924400000000000110e-01 7.939499999999999336e-02
3.938240000000000074e-01 7.972700000000000620e-02
3.952069999999999750e-01 8.006000000000000616e-02
3.965890000000000248e-01 8.039200000000000512e-02
3.979619999999999824e-01 8.072400000000000408e-02
3.993419999999999748e-01 8.105700000000000405e-02
4.007089999999999819e-01 8.138900000000000301e-02
4.020810000000000217e-01 8.172100000000000197e-02
4.034599999999999853e-01 8.205300000000000094e-02
4.048660000000000037e-01 8.238499999999999990e-02
4.062540000000000040e-01 8.271799999999999986e-02
4.076620000000000243e-01 8.304999999999999882e-02
4.090610000000000079e-01 8.338199999999999779e-02
4.104499999999999815e-01 8.371499999999999775e-02
4.118419999999999859e-01 8.404699999999999671e-02
4.132239999999999802e-01 8.437899999999999567e-02
4.146179999999999866e-01 8.471099999999999464e-02
4.160240000000000049e-01 8.504399999999999460e-02
4.174370000000000025e-01 8.537599999999999356e-02
4.188509999999999733e-01 8.570800000000000640e-02
4.202640000000000264e-01 8.604000000000000536e-02
4.216619999999999813e-01 8.637300000000000533e-02
4.230689999999999729e-01 8.670500000000000429e-02
4.244700000000000140e-01 8.703700000000000325e-02
4.258730000000000016e-01 8.736900000000000222e-02
4.272900000000000031e-01 8.770100000000000118e-02
4.286920000000000175e-01 8.803400000000000114e-02
4.300910000000000011e-01 8.836600000000000010e-02
4.314819999999999767e-01 8.869799999999999907e-02
4.328670000000000018e-01 8.902999999999999803e-02
4.342550000000000021e-01 8.936299999999999799e-02
4.356349999999999945e-01 8.969499999999999695e-02
4.370229999999999948e-01 9.002699999999999592e-02
4.384210000000000051e-01 9.035999999999999588e-02
4.398310000000000275e-01 9.069199999999999484e-02
4.412340000000000151e-01 9.102399999999999380e-02
4.426269999999999927e-01 9.135600000000000664e-02
4.440189999999999970e-01 9.168900000000000661e-02
4.454040000000000221e-01 9.202100000000000557e-02
4.467969999999999997e-01 9.235300000000000453e-02
4.482030000000000181e-01 9.268500000000000349e-02
4.496209999999999929e-01 9.301700000000000246e-02
4.510449999999999737e-01 9.335000000000000242e-02
4.524659999999999793e-01 9.368200000000000138e-02
4.538849999999999829e-01 9.401400000000000035e-02
4.552990000000000093e-01 9.434599999999999931e-02
4.567019999999999968e-01 9.467899999999999927e-02
4.581060000000000132e-01 9.501099999999999823e-02
4.595170000000000088e-01 9.534299999999999720e-02
4.609340000000000104e-01 9.567599999999999716e-02
4.623470000000000080e-01 9.600799999999999612e-02
4.637700000000000156e-01 9.633999999999999508e-02
4.651959999999999984e-01 9.667199999999999405e-02
4.666279999999999872e-01 9.700499999999999401e-02
4.680599999999999761e-01 9.733700000000000685e-02
4.694900000000000184e-01 9.766900000000000581e-02
4.709180000000000033e-01 9.800100000000000477e-02
4.723649999999999793e-01 9.833300000000000374e-02
4.738040000000000029e-01 9.866600000000000370e-02
4.752469999999999750e-01 9.899800000000000266e-02
4.766940000000000066e-01 9.933000000000000163e-02
4.781340000000000034e-01 9.966300000000000159e-02
4.781340000000000034e-01 9.966300000000000159e-02
4.781340000000000034e-01 9.966300000000000159e-02
4.781340000000000034e-01 9.966300000000000159e-02
4.781340000000000034e-01 9.966300000000000159e-02
4.781340000000000034e-01 9.966300000000000159e-02
4.781340000000000034e-01 9.966300000000000159e-02
4.781340000000000034e-01 9.966300000000000159e-02
4.781340000000000034e-01 9.966300000000000159e-02
4.781340000000000034e-01 9.966300000000000159e-02
4.781340000000000034e-01 9.966300000000000159e-02
4.781340000000000034e-01 9.966300000000000159e-02
4.781340000000000034e-01 9.966300000000000159e-02
4.781340000000000034e-01 9.966300000000000159e-02
4.781340000000000034e-01 9.966300000000000159e-02
4.781340000000000034e-01 9.966300000000000159e-02
4.781340000000000034e-01 9.966300000000000159e-02
4.781340000000000034e-01 9.966300000000000159e-02
4.781340000000000034e-01 9.966300000000000159e-02
4.781340000000000034e-01 9.966300000000000159e-02
4.781340000000000034e-01 9.966300000000000159e-02
4.781340000000000034e-01 9.966300000000000159e-02
4.781340000000000034e-01 9.966300000000000159e-02
4.781340000000000034e-01 9.966300000000000159e-02
5.434200000000000141e-01 1.129470000000000057e-01
6.054859999999999687e-01 1.262320000000000109e-01
6.382889999999999953e-01 1.328749999999999931e-01
6.382889999999999953e-01 1.328749999999999931e-01
6.382889999999999953e-01 1.328749999999999931e-01
6.382889999999999953e-01 1.328749999999999931e-01
6.382889999999999953e-01 1.328749999999999931e-01
6.382889999999999953e-01 1.328749999999999931e-01
6.382889999999999953e-01 1.328749999999999931e-01
6.382889999999999953e-01 1.328749999999999931e-01
6.382889999999999953e-01 1.328749999999999931e-01
6.382889999999999953e-01 1.328749999999999931e-01
6.382889999999999953e-01 1.328749999999999931e-01
6.382889999999999953e-01 1.328749999999999931e-01
6.382889999999999953e-01 1.328749999999999931e-01
6.382889999999999953e-01 1.328749999999999931e-01
6.382889999999999953e-01 1.328749999999999931e-01
6.382889999999999953e-01 1.328749999999999931e-01
6.382889999999999953e-01 1.328749999999999931e-01
6.382889999999999953e-01 1.328749999999999931e-01
6.382889999999999953e-01 1.328749999999999931e-01
6.382889999999999953e-01 1.328749999999999931e-01
6.382889999999999953e-01 1.328749999999999931e-01
6.382889999999999953e-01 1.328749999999999931e-01
6.382889999999999953e-01 1.328749999999999931e-01
6.382889999999999953e-01 1.328749999999999931e-01
6.875750000000000473e-01 1.395200000000000051e-01
7.093110000000000248e-01 1.461649999999999894e-01
7.474880000000000413e-01 1.528100000000000014e-01
7.788749999999999840e-01 1.594550000000000134e-01
8.135919999999999819e-01 1.660999999999999976e-01
8.135919999999999819e-01 1.660999999999999976e-01
8.135919999999999819e-01 1.660999999999999976e-01
8.135919999999999819e-01 1.660999999999999976e-01
8.135919999999999819e-01 1.660999999999999976e-01
8.135919999999999819e-01 1.660999999999999976e-01
8.135919999999999819e-01 1.660999999999999976e-01
8.135919999999999819e-01 1.660999999999999976e-01
8.135919999999999819e-01 1.660999999999999976e-01
8.135919999999999819e-01 1.660999999999999976e-01
8.135919999999999819e-01 1.660999999999999976e-01
8.135919999999999819e-01 1.660999999999999976e-01
8.135919999999999819e-01 1.660999999999999976e-01
8.135919999999999819e-01 1.660999999999999976e-01
8.135919999999999819e-01 1.660999999999999976e-01
8.135919999999999819e-01 1.660999999999999976e-01
8.135919999999999819e-01 1.660999999999999976e-01
8.135919999999999819e-01 1.660999999999999976e-01
8.135919999999999819e-01 1.660999999999999976e-01
8.135919999999999819e-01 1.660999999999999976e-01
8.135919999999999819e-01 1.660999999999999976e-01
8.135919999999999819e-01 1.660999999999999976e-01
8.135919999999999819e-01 1.660999999999999976e-01
8.135919999999999819e-01 1.660999999999999976e-01
8.658909999999999663e-01 1.727420000000000067e-01
9.171629999999999505e-01 1.793849999999999889e-01
9.687339999999999840e-01 1.860279999999999989e-01
1.024920999999999971e+00 1.926700000000000079e-01
1.087919999999999998e+00 1.993129999999999902e-01
1.087919999999999998e+00 1.993129999999999902e-01
1.087919999999999998e+00 1.993129999999999902e-01
1.087919999999999998e+00 1.993129999999999902e-01
1.087919999999999998e+00 1.993129999999999902e-01
1.087919999999999998e+00 1.993129999999999902e-01
1.087919999999999998e+00 1.993129999999999902e-01
1.087919999999999998e+00 1.993129999999999902e-01
1.087919999999999998e+00 1.993129999999999902e-01
1.087919999999999998e+00 1.993129999999999902e-01
1.087919999999999998e+00 1.993129999999999902e-01
1.087919999999999998e+00 1.993129999999999902e-01
1.087919999999999998e+00 1.993129999999999902e-01
1.087919999999999998e+00 1.993129999999999902e-01
1.087919999999999998e+00 1.993129999999999902e-01
1.087919999999999998e+00 1.993129999999999902e-01
1.087919999999999998e+00 1.993129999999999902e-01
1.087919999999999998e+00 1.993129999999999902e-01
1.087919999999999998e+00 1.993129999999999902e-01
1.087919999999999998e+00 1.993129999999999902e-01
1.087919999999999998e+00 1.993129999999999902e-01
1.087919999999999998e+00 1.993129999999999902e-01
1.087919999999999998e+00 1.993129999999999902e-01
1.087919999999999998e+00 1.993129999999999902e-01
1.110357999999999956e+00 2.023030000000000106e-01
1.129143999999999926e+00 2.026350000000000096e-01
1.145459999999999923e+00 2.056250000000000022e-01
1.172844999999999915e+00 2.059570000000000012e-01
1.181106999999999907e+00 2.062900000000000011e-01
1.204231000000000051e+00 2.092799999999999938e-01
1.231935000000000002e+00 2.096119999999999928e-01
1.244410000000000016e+00 2.099439999999999917e-01
1.249192000000000080e+00 2.129350000000000132e-01
1.283967999999999998e+00 2.132670000000000121e-01
1.310850999999999988e+00 2.135990000000000111e-01
1.326119999999999965e+00 2.139320000000000110e-01
1.328734000000000082e+00 2.142640000000000100e-01
