0.000000000000000000e+00 0.000000000000000000e+00
-0.000000000000000000e+00 0.000000000000000000e+00
-0.000000000000000000e+00 0.000000000000000000e+00
-0.000000000000000000e+00 0.000000000000000000e+00
-0.000000000000000000e+00 0.000000000000000000e+00
-0.000000000000000000e+00 0.000000000000000000e+00
-0.000000000000000000e+00 0.000000000000000000e+00
-0.000000000000000000e+00 0.000000000000000000e+00
-0.000000000000000000e+00 0.000000000000000000e+00
-0.000000000000000000e+00 0.000000000000000000e+00
-0.000000000000000000e+00 0.000000000000000000e+00
-0.000000000000000000e+00 0.000000000000000000e+00
-0.000000000000000000e+00 0.000000000000000000e+00
-0.000000000000000000e+00 0.000000000000000000e+00
-0.000000000000000000e+00 0.000000000000000000e+00
-0.000000000000000000e+00 0.000000000000000000e+00
-0.000000000000000000e+00 0.000000000000000000e+00
-0.000000000000000000e+00 0.000000000000000000e+00
-0.000000000000000000e+00 0.000000000000000000e+00
-0.000000000000000000e+00 0.000000000000000000e+00
-0.000000000000000000e+00 0.000000000000000000e+00
-0.000000000000000000e+00 0.000000000000000000e+00
-0.000000000000000000e+00 0.000000000000000000e+00
8.552800000000000680e-02 6.644999999999999865e-03
1.330459999999999976e-01 1.328999999999999973e-02
1.740750000000000075e-01 1.993500000000000133e-02
2.117799999999999960e-01 2.657999999999999946e-02
2.467070000000000096e-01 3.322499999999999759e-02
2.467070000000000096e-01 3.322499999999999759e-02
2.467070000000000096e-01 3.322499999999999759e-02
2.467070000000000096e-01 3.322499999999999759e-02
2.467070000000000096e-01 3.322499999999999759e-02
2.467070000000000096e-01 3.322499999999999759e-02
2.467070000000000096e-01 3.322499999999999759e-02
2.467070000000000096e-01 3.322499999999999759e-02
2.467070000000000096e-01 3.322499999999999759e-02
2.467070000000000096e-01 3.322499999999999759e-02
2.467070000000000096e-01 3.322499999999999759e-02
2.467070000000000096e-01 3.322499999999999759e-02
2.467070000000000096e-01 3.322499999999999759e-02
2.467070000000000096e-01 3.322499999999999759e-02
2.467070000000000096e-01 3.322499999999999759e-02
2.467070000000000096e-01 3.322499999999999759e-02
2.467070000000000096e-01 3.322499999999999759e-02
2.467070000000000096e-01 3.322499999999999759e-02
2.467070000000000096e-01 3.322499999999999759e-02
2.467070000000000096e-01 3.322499999999999759e-02
2.467070000000000096e-01 3.322499999999999759e-02
2.467070000000000096e-01 3.322499999999999759e-02
2.467070000000000096e-01 3.322499999999999759e-02
2.467070000000000096e-01 3.322499999999999759e-02
2.825900000000000079e-01 3.986699999999999966e-02
3.178710000000000147e-01 4.651000000000000273e-02
3.520789999999999753e-01 5.315299999999999886e-02
3.857200000000000073e-01 5.979500000000000093e-02
4.184209999999999874e-01 6.643799999999999706e-02
4.184209999999999874e-01 6.643799999999999706e-02
4.184209999999999874e-01 6.643799999999999706e-02
4.184209999999999874e-01 6.643799999999999706e-02
4.184209999999999874e-01 6.643799999999999706e-02
4.184209999999999874e-01 6.643799999999999706e-02
4.184209999999999874e-01 6.643799999999999706e-02
4.184209999999999874e-01 6.643799999999999706e-02
4.184209999999999874e-01 6.643799999999999706e-02
4.184209999999999874e-01 6.643799999999999706e-02
4.184209999999999874e-01 6.643799999999999706e-02
4.184209999999999874e-01 6.643799999999999706e-02
4.184209999999999874e-01 6.643799999999999706e-02
4.184209999999999874e-01 6.643799999999999706e-02
4.184209999999999874e-01 6.643799999999999706e-02
4.184209999999999874e-01 6.643799999999999706e-02
4.184209999999999874e-01 6.643799999999999706e-02
4.184209999999999874e-01 6.643799999999999706e-02
4.184209999999999874e-01 6.643799999999999706e-02
4.184209999999999874e-01 6.643799999999999706e-02
4.184209999999999874e-01 6.643799999999999706e-02
4.184209999999999874e-01 6.643799999999999706e-02
4.184209999999999874e-01 6.643799999999999706e-02
4.184209999999999874e-01 6.643799999999999706e-02
4.536200000000000232e-01 7.308199999999999419e-02
4.884029999999999760e-01 7.972700000000000620e-02
5.233849999999999891e-01 8.637300000000000533e-02
5.577550000000000008e-01 9.301700000000000246e-02
5.922399999999999887e-01 9.966300000000000159e-02
5.922399999999999887e-01 9.966300000000000159e-02
5.922399999999999887e-01 9.966300000000000159e-02
5.922399999999999887e-01 9.966300000000000159e-02
5.922399999999999887e-01 9.966300000000000159e-02
5.922399999999999887e-01 9.966300000000000159e-02
5.922399999999999887e-01 9.966300000000000159e-02
5.922399999999999887e-01 9.966300000000000159e-02
5.922399999999999887e-01 9.966300000000000159e-02
5.922399999999999887e-01 9.966300000000000159e-02
5.922399999999999887e-01 9.966300000000000159e-02
5.922399999999999887e-01 9.966300000000000159e-02
5.922399999999999887e-01 9.966300000000000159e-02
5.922399999999999887e-01 9.966300000000000159e-02
5.922399999999999887e-01 9.966300000000000159e-02
5.922399999999999887e-01 9.966300000000000159e-02
5.922399999999999887e-01 9.966300000000000159e-02
5.922399999999999887e-01 9.966300000000000159e-02
5.922399999999999887e-01 9.966300000000000159e-02
5.922399999999999887e-01 9.966300000000000159e-02
5.922399999999999887e-01 9.966300000000000159e-02
5.922399999999999887e-01 9.966300000000000159e-02
5.922399999999999887e-01 9.966300000000000159e-02
5.922399999999999887e-01 9.966300000000000159e-02
6.387629999999999697e-01 1.063049999999999967e-01
6.864329999999999599e-01 1.129470000000000057e-01
7.346580000000000332e-01 1.195900000000000019e-01
7.841270000000000184e-01 1.262320000000000109e-01
8.348630000000000217e-01 1.328749999999999931e-01
8.348630000000000217e-01 1.328749999999999931e-01
8.348630000000000217e-01 1.328749999999999931e-01
8.348630000000000217e-01 1.328749999999999931e-01
8.348630000000000217e-01 1.328749999999999931e-01
8.348630000000000217e-01 1.328749999999999931e-01
8.348630000000000217e-01 1.328749999999999931e-01
8.348630000000000217e-01 1.328749999999999931e-01
8.348630000000000217e-01 1.328749999999999931e-01
8.348630000000000217e-01 1.328749999999999931e-01
8.348630000000000217e-01 1.328749999999999931e-01
8.348630000000000217e-01 1.328749999999999931e-01
8.348630000000000217e-01 1.328749999999999931e-01
8.348630000000000217e-01 1.328749999999999931e-01
8.348630000000000217e-01 1.328749999999999931e-01
8.348630000000000217e-01 1.328749999999999931e-01
8.348630000000000217e-01 1.328749999999999931e-01
8.348630000000000217e-01 1.328749999999999931e-01
8.348630000000000217e-01 1.328749999999999931e-01
8.348630000000000217e-01 1.328749999999999931e-01
8.348630000000000217e-01 1.328749999999999931e-01
8.348630000000000217e-01 1.328749999999999931e-01
8.348630000000000217e-01 1.328749999999999931e-01
8.348630000000000217e-01 1.328749999999999931e-01
8.796129999999999782e-01 1.395200000000000051e-01
9.269209999999999949e-01 1.461649999999999894e-01
9.762579999999999592e-01 1.528100000000000014e-01
1.028021000000000074e+00 1.594550000000000134e-01
1.083901999999999921e+00 1.660999999999999976e-01
1.083901999999999921e+00 1.660999999999999976e-01
1.083901999999999921e+00 1.660999999999999976e-01
1.083901999999999921e+00 1.660999999999999976e-01
1.083901999999999921e+00 1.660999999999999976e-01
1.083901999999999921e+00 1.660999999999999976e-01
1.083901999999999921e+00 1.660999999999999976e-01
1.083901999999999921e+00 1.660999999999999976e-01
1.083901999999999921e+00 1.660999999999999976e-01
1.083901999999999921e+00 1.660999999999999976e-01
1.083901999999999921e+00 1.660999999999999976e-01
1.083901999999999921e+00 1.660999999999999976e-01
1.083901999999999921e+00 1.660999999999999976e-01
1.083901999999999921e+00 1.660999999999999976e-01
1.083901999999999921e+00 1.660999999999999976e-01
1.083901999999999921e+00 1.660999999999999976e-01
1.083901999999999921e+00 1.660999999999999976e-01
1.083901999999999921e+00 1.660999999999999976e-01
1.083901999999999921e+00 1.660999999999999976e-01
1.083901999999999921e+00 1.660999999999999976e-01
1.083901999999999921e+00 1.660999999999999976e-01
1.083901999999999921e+00 1.660999999999999976e-01
1.083901999999999921e+00 1.660999999999999976e-01
1.083901999999999921e+00 1.660999999999999976e-01
1.115520999999999985e+00 1.694209999999999883e-01
1.149103999999999903e+00 1.727420000000000067e-01
1.185070000000000068e+00 1.760639999999999983e-01
1.223473999999999950e+00 1.793849999999999889e-01
1.264834999999999932e+00 1.827060000000000073e-01
1.309790000000000010e+00 1.860279999999999989e-01
1.359804000000000013e+00 1.893489999999999895e-01
1.415842999999999963e+00 1.926700000000000079e-01
1.481913999999999954e+00 1.959909999999999985e-01
1.564299000000000106e+00 1.993129999999999902e-01
1.564299000000000106e+00 1.993129999999999902e-01
1.564299000000000106e+00 1.993129999999999902e-01
1.564299000000000106e+00 1.993129999999999902e-01
1.564299000000000106e+00 1.993129999999999902e-01
1.564299000000000106e+00 1.993129999999999902e-01
1.564299000000000106e+00 1.993129999999999902e-01
1.564299000000000106e+00 1.993129999999999902e-01
1.564299000000000106e+00 1.993129999999999902e-01
1.564299000000000106e+00 1.993129999999999902e-01
1.564299000000000106e+00 1.993129999999999902e-01
1.564299000000000106e+00 1.993129999999999902e-01
1.564299000000000106e+00 1.993129999999999902e-01
1.564299000000000106e+00 1.993129999999999902e-01
1.564299000000000106e+00 1.993129999999999902e-01
1.564299000000000106e+00 1.993129999999999902e-01
1.564299000000000106e+00 1.993129999999999902e-01
1.564299000000000106e+00 1.993129999999999902e-01
1.564299000000000106e+00 1.993129999999999902e-01
1.564299000000000106e+00 1.993129999999999902e-01
1.564299000000000106e+00 1.993129999999999902e-01
1.564299000000000106e+00 1.993129999999999902e-01
1.564299000000000106e+00 1.993129999999999902e-01
1.564299000000000106e+00 1.993129999999999902e-01
1.573336000000000068e+00 1.996449999999999891e-01
1.581279000000000101e+00 1.999769999999999881e-01
1.589309000000000083e+00 2.003089999999999871e-01
1.597763000000000044e+00 2.006410000000000138e-01
1.607296999999999976e+00 2.009740000000000137e-01
1.618482999999999894e+00 2.013060000000000127e-01
1.631556999999999924e+00 2.016380000000000117e-01
1.646894999999999998e+00 2.019700000000000106e-01
1.664652999999999938e+00 2.023030000000000106e-01
1.685033000000000003e+00 2.026350000000000096e-01
1.708058000000000076e+00 2.029670000000000085e-01
1.733875000000000055e+00 2.032990000000000075e-01
1.762942999999999927e+00 2.036320000000000074e-01
