0.000000000000000000e+00 0.000000000000000000e+00
-0.000000000000000000e+00 0.000000000000000000e+00
-0.000000000000000000e+00 0.000000000000000000e+00
-0.000000000000000000e+00 0.000000000000000000e+00
-0.000000000000000000e+00 0.000000000000000000e+00
-0.000000000000000000e+00 0.000000000000000000e+00
-0.000000000000000000e+00 0.000000000000000000e+00
-0.000000000000000000e+00 0.000000000000000000e+00
-0.000000000000000000e+00 0.000000000000000000e+00
-0.000000000000000000e+00 0.000000000000000000e+00
-0.000000000000000000e+00 0.000000000000000000e+00
-0.000000000000000000e+00 0.000000000000000000e+00
-0.000000000000000000e+00 0.000000000000000000e+00
-0.000000000000000000e+00 0.000000000000000000e+00
-0.000000000000000000e+00 0.000000000000000000e+00
-0.000000000000000000e+00 0.000000000000000000e+00
-0.000000000000000000e+00 0.000000000000000000e+00
-0.000000000000000000e+00 0.000000000000000000e+00
-0.000000000000000000e+00 0.000000000000000000e+00
-0.000000000000000000e+00 0.000000000000000000e+00
-0.000000000000000000e+00 0.000000000000000000e+00
-0.000000000000000000e+00 0.000000000000000000e+00
-0.000000000000000000e+00 0.000000000000000000e+00
1.251279999999999892e-01 6.644999999999999865e-03
1.765200000000000102e-01 1.328999999999999973e-02
2.222780000000000034e-01 1.993500000000000133e-02
2.638800000000000034e-01 2.657999999999999946e-02
3.030200000000000116e-01 3.322499999999999759e-02
3.030390000000000028e-01 3.322499999999999759e-02
3.030390000000000028e-01 3.322499999999999759e-02
3.030390000000000028e-01 3.322499999999999759e-02
3.030390000000000028e-01 3.322499999999999759e-02
3.030390000000000028e-01 3.322499999999999759e-02
3.030390000000000028e-01 3.322499999999999759e-02
3.030390000000000028e-01 3.322499999999999759e-02
3.030390000000000028e-01 3.322499999999999759e-02
3.030390000000000028e-01 3.322499999999999759e-02
3.030390000000000028e-01 3.322499999999999759e-02
3.030390000000000028e-01 3.322499999999999759e-02
3.030390000000000028e-01 3.322499999999999759e-02
3.030390000000000028e-01 3.322499999999999759e-02
3.030390000000000028e-01 3.322499999999999759e-02
3.030390000000000028e-01 3.322499999999999759e-02
3.030390000000000028e-01 3.322499999999999759e-02
3.030390000000000028e-01 3.322499999999999759e-02
3.030390000000000028e-01 3.322499999999999759e-02
3.030390000000000028e-01 3.322499999999999759e-02
3.030390000000000028e-01 3.322499999999999759e-02
3.030390000000000028e-01 3.322499999999999759e-02
3.030390000000000028e-01 3.322499999999999759e-02
3.030390000000000028e-01 3.322499999999999759e-02
3.048259999999999859e-01 3.355699999999999655e-02
3.066110000000000224e-01 3.388900000000000245e-02
3.086189999999999767e-01 3.422100000000000142e-02
3.108440000000000092e-01 3.455300000000000038e-02
3.132449999999999957e-01 3.488600000000000034e-02
3.157360000000000166e-01 3.521799999999999931e-02
3.182209999999999761e-01 3.554999999999999827e-02
3.206410000000000093e-01 3.588199999999999723e-02
3.229650000000000021e-01 3.621400000000000313e-02
3.252059999999999951e-01 3.654600000000000209e-02
3.273920000000000163e-01 3.687800000000000106e-02
3.295489999999999808e-01 3.721000000000000002e-02
3.317050000000000276e-01 3.754299999999999998e-02
3.338789999999999814e-01 3.787499999999999895e-02
3.360790000000000166e-01 3.820699999999999791e-02
3.383039999999999936e-01 3.853899999999999687e-02
3.405389999999999806e-01 3.887100000000000277e-02
3.427669999999999884e-01 3.920300000000000173e-02
3.449729999999999741e-01 3.953500000000000070e-02
3.471509999999999874e-01 3.986699999999999966e-02
3.493029999999999746e-01 4.019999999999999962e-02
3.514369999999999994e-01 4.053199999999999859e-02
3.535659999999999914e-01 4.086399999999999755e-02
3.557009999999999894e-01 4.119600000000000345e-02
3.578489999999999727e-01 4.152800000000000241e-02
3.600110000000000254e-01 4.186000000000000137e-02
3.621800000000000019e-01 4.219200000000000034e-02
3.643440000000000012e-01 4.252500000000000030e-02
3.664890000000000092e-01 4.285699999999999926e-02
3.686159999999999992e-01 4.318899999999999822e-02
3.707309999999999772e-01 4.352099999999999719e-02
3.728429999999999800e-01 4.385300000000000309e-02
3.749600000000000155e-01 4.418500000000000205e-02
3.770800000000000263e-01 4.451700000000000101e-02
3.791970000000000063e-01 4.484899999999999998e-02
3.813059999999999783e-01 4.518199999999999994e-02
3.834020000000000206e-01 4.551399999999999890e-02
3.854879999999999973e-01 4.584599999999999786e-02
3.875700000000000256e-01 4.617799999999999683e-02
3.896560000000000024e-01 4.651000000000000273e-02
3.917459999999999831e-01 4.684200000000000169e-02
3.938380000000000214e-01 4.717400000000000065e-02
3.959289999999999754e-01 4.750599999999999962e-02
3.980170000000000097e-01 4.783899999999999958e-02
4.001020000000000132e-01 4.817099999999999854e-02
4.021830000000000127e-01 4.850299999999999750e-02
4.042609999999999815e-01 4.883500000000000341e-02
4.063339999999999730e-01 4.916700000000000237e-02
4.084019999999999873e-01 4.949900000000000133e-02
4.104689999999999728e-01 4.983100000000000029e-02
4.125309999999999810e-01 5.016299999999999926e-02
4.145860000000000101e-01 5.049599999999999922e-02
4.166340000000000043e-01 5.082799999999999818e-02
4.186790000000000234e-01 5.115999999999999714e-02
4.207250000000000156e-01 5.149200000000000305e-02
4.227759999999999851e-01 5.182400000000000201e-02
4.248350000000000182e-01 5.215600000000000097e-02
4.268979999999999997e-01 5.248799999999999993e-02
4.289649999999999852e-01 5.281999999999999890e-02
4.310339999999999727e-01 5.315299999999999886e-02
4.331019999999999870e-01 5.348499999999999782e-02
4.351610000000000200e-01 5.381699999999999678e-02
4.372030000000000083e-01 5.414900000000000269e-02
4.392260000000000053e-01 5.448100000000000165e-02
4.412409999999999943e-01 5.481300000000000061e-02
4.432519999999999794e-01 5.514499999999999957e-02
4.452619999999999911e-01 5.547699999999999854e-02
4.472709999999999742e-01 5.580899999999999750e-02
4.492769999999999819e-01 5.614199999999999746e-02
4.512749999999999817e-01 5.647400000000000336e-02
4.532669999999999755e-01 5.680600000000000233e-02
4.552559999999999940e-01 5.713800000000000129e-02
4.572470000000000145e-01 5.747000000000000025e-02
4.592430000000000123e-01 5.780199999999999921e-02
4.612450000000000161e-01 5.813399999999999818e-02
4.632519999999999971e-01 5.846699999999999814e-02
4.652640000000000109e-01 5.879899999999999710e-02
4.672760000000000247e-01 5.913100000000000300e-02
4.692879999999999829e-01 5.946300000000000197e-02
4.713019999999999987e-01 5.979500000000000093e-02
4.733160000000000145e-01 6.012699999999999989e-02
4.753290000000000015e-01 6.045899999999999885e-02
4.773370000000000113e-01 6.079099999999999782e-02
4.793410000000000171e-01 6.112299999999999678e-02
4.813419999999999921e-01 6.145599999999999674e-02
4.833370000000000166e-01 6.178800000000000264e-02
4.853259999999999796e-01 6.212000000000000161e-02
4.873140000000000249e-01 6.245200000000000057e-02
4.893020000000000147e-01 6.278400000000000647e-02
4.912900000000000045e-01 6.311600000000000543e-02
4.932750000000000190e-01 6.344800000000000439e-02
4.952579999999999760e-01 6.378100000000000436e-02
4.972349999999999826e-01 6.411300000000000332e-02
4.992110000000000158e-01 6.444500000000000228e-02
5.011860000000000204e-01 6.477700000000000125e-02
5.031660000000000021e-01 6.510900000000000021e-02
5.051480000000000414e-01 6.544099999999999917e-02
5.071309999999999985e-01 6.577299999999999813e-02
5.091139999999999555e-01 6.610499999999999710e-02
5.110949999999999660e-01 6.643799999999999706e-02
5.110949999999999660e-01 6.643799999999999706e-02
5.110949999999999660e-01 6.643799999999999706e-02
5.110949999999999660e-01 6.643799999999999706e-02
5.110949999999999660e-01 6.643799999999999706e-02
5.110949999999999660e-01 6.643799999999999706e-02
5.110949999999999660e-01 6.643799999999999706e-02
5.110949999999999660e-01 6.643799999999999706e-02
5.110949999999999660e-01 6.643799999999999706e-02
5.110949999999999660e-01 6.643799999999999706e-02
5.110949999999999660e-01 6.643799999999999706e-02
5.110949999999999660e-01 6.643799999999999706e-02
5.110949999999999660e-01 6.643799999999999706e-02
5.110949999999999660e-01 6.643799999999999706e-02
5.110949999999999660e-01 6.643799999999999706e-02
5.110949999999999660e-01 6.643799999999999706e-02
5.110949999999999660e-01 6.643799999999999706e-02
5.110949999999999660e-01 6.643799999999999706e-02
5.110949999999999660e-01 6.643799999999999706e-02
5.110949999999999660e-01 6.643799999999999706e-02
5.110949999999999660e-01 6.643799999999999706e-02
5.110949999999999660e-01 6.643799999999999706e-02
5.110949999999999660e-01 6.643799999999999706e-02
5.110949999999999660e-01 6.643799999999999706e-02
5.129869999999999708e-01 6.676999999999999602e-02
5.149639999999999773e-01 6.710199999999999498e-02
5.171160000000000201e-01 6.743399999999999395e-02
5.193910000000000471e-01 6.776600000000000679e-02
5.217180000000000151e-01 6.809900000000000675e-02
5.240460000000000118e-01 6.843100000000000571e-02
5.263349999999999973e-01 6.876300000000000467e-02
5.285680000000000378e-01 6.909500000000000364e-02
5.307520000000000016e-01 6.942800000000000360e-02
5.329059999999999908e-01 6.976000000000000256e-02
5.350540000000000296e-01 7.009200000000000153e-02
5.372160000000000268e-01 7.042400000000000049e-02
5.393959999999999866e-01 7.075700000000000045e-02
5.415950000000000486e-01 7.108899999999999941e-02
5.438049999999999828e-01 7.142099999999999838e-02
5.460199999999999498e-01 7.175299999999999734e-02
5.482339999999999991e-01 7.208599999999999730e-02
5.504459999999999908e-01 7.241799999999999626e-02
5.526550000000000074e-01 7.274999999999999523e-02
5.548579999999999623e-01 7.308199999999999419e-02
5.570530000000000204e-01 7.341499999999999415e-02
5.592380000000000129e-01 7.374699999999999311e-02
5.614149999999999974e-01 7.407900000000000595e-02
5.635860000000000314e-01 7.441100000000000492e-02
5.657550000000000079e-01 7.474400000000000488e-02
5.679250000000000131e-01 7.507600000000000384e-02
5.701009999999999689e-01 7.540800000000000280e-02
5.722810000000000397e-01 7.574100000000000277e-02
5.744620000000000282e-01 7.607300000000000173e-02
5.766430000000000167e-01 7.640500000000000069e-02
5.788240000000000052e-01 7.673699999999999966e-02
5.810049999999999937e-01 7.706899999999999862e-02
5.831899999999999862e-01 7.740199999999999858e-02
5.853760000000000074e-01 7.773399999999999754e-02
5.875660000000000327e-01 7.806599999999999651e-02
5.897590000000000332e-01 7.839899999999999647e-02
5.919520000000000337e-01 7.873099999999999543e-02
5.941429999999999767e-01 7.906299999999999439e-02
5.963270000000000515e-01 7.939499999999999336e-02
5.985049999999999537e-01 7.972700000000000620e-02
6.006810000000000205e-01 8.006000000000000616e-02
6.028559999999999475e-01 8.039200000000000512e-02
6.050290000000000390e-01 8.072400000000000408e-02
6.071959999999999580e-01 8.105700000000000405e-02
6.093579999999999552e-01 8.138900000000000301e-02
6.115180000000000060e-01 8.172100000000000197e-02
6.136800000000000033e-01 8.205300000000000094e-02
6.158420000000000005e-01 8.238499999999999990e-02
6.180060000000000553e-01 8.271799999999999986e-02
6.201719999999999455e-01 8.304999999999999882e-02
6.223360000000000003e-01 8.338199999999999779e-02
6.244960000000000511e-01 8.371499999999999775e-02
6.266519999999999868e-01 8.404699999999999671e-02
6.288049999999999473e-01 8.437899999999999567e-02
6.309609999999999941e-01 8.471099999999999464e-02
6.331210000000000448e-01 8.504399999999999460e-02
6.352879999999999638e-01 8.537599999999999356e-02
6.374589999999999979e-01 8.570800000000000640e-02
6.396300000000000319e-01 8.604000000000000536e-02
6.417979999999999796e-01 8.637300000000000533e-02
6.439599999999999769e-01 8.670500000000000429e-02
6.461170000000000524e-01 8.703700000000000325e-02
6.482740000000000169e-01 8.736900000000000222e-02
6.504330000000000389e-01 8.770100000000000118e-02
6.525910000000000322e-01 8.803400000000000114e-02
6.547479999999999967e-01 8.836600000000000010e-02
6.569049999999999612e-01 8.869799999999999907e-02
6.590639999999999832e-01 8.902999999999999803e-02
6.612259999999999804e-01 8.936299999999999799e-02
6.633930000000000105e-01 8.969499999999999695e-02
6.655649999999999622e-01 9.002699999999999592e-02
6.677410000000000290e-01 9.035999999999999588e-02
6.699169999999999847e-01 9.069199999999999484e-02
6.720930000000000515e-01 9.102399999999999380e-02
6.742679999999999785e-01 9.135600000000000664e-02
6.764430000000000165e-01 9.168900000000000661e-02
6.786170000000000258e-01 9.202100000000000557e-02
6.807910000000000350e-01 9.235300000000000453e-02
6.829680000000000195e-01 9.268500000000000349e-02
6.851460000000000328e-01 9.301700000000000246e-02
6.873230000000000173e-01 9.335000000000000242e-02
6.894989999999999730e-01 9.368200000000000138e-02
6.916710000000000358e-01 9.401400000000000035e-02
6.938370000000000370e-01 9.434599999999999931e-02
6.960020000000000095e-01 9.467899999999999927e-02
6.981680000000000108e-01 9.501099999999999823e-02
7.003359999999999586e-01 9.534299999999999720e-02
7.025080000000000213e-01 9.567599999999999716e-02
7.046799999999999731e-01 9.600799999999999612e-02
7.068470000000000031e-01 9.633999999999999508e-02
7.090100000000000291e-01 9.667199999999999405e-02
7.111680000000000224e-01 9.700499999999999401e-02
7.133260000000000156e-01 9.733700000000000685e-02
7.154810000000000336e-01 9.766900000000000581e-02
7.176399999999999446e-01 9.800100000000000477e-02
7.198029999999999706e-01 9.833300000000000374e-02
7.219729999999999759e-01 9.866600000000000370e-02
7.241469999999999851e-01 9.899800000000000266e-02
7.263199999999999656e-01 9.933000000000000163e-02
7.284869999999999957e-01 9.966300000000000159e-02
7.284869999999999957e-01 9.966300000000000159e-02
7.284869999999999957e-01 9.966300000000000159e-02
7.284869999999999957e-01 9.966300000000000159e-02
7.284869999999999957e-01 9.966300000000000159e-02
7.284869999999999957e-01 9.966300000000000159e-02
7.284869999999999957e-01 9.966300000000000159e-02
7.284869999999999957e-01 9.966300000000000159e-02
7.284869999999999957e-01 9.966300000000000159e-02
7.284869999999999957e-01 9.966300000000000159e-02
7.284869999999999957e-01 9.966300000000000159e-02
7.284869999999999957e-01 9.966300000000000159e-02
7.284869999999999957e-01 9.966300000000000159e-02
7.284869999999999957e-01 9.966300000000000159e-02
7.284869999999999957e-01 9.966300000000000159e-02
7.284869999999999957e-01 9.966300000000000159e-02
7.284869999999999957e-01 9.966300000000000159e-02
7.284869999999999957e-01 9.966300000000000159e-02
7.284869999999999957e-01 9.966300000000000159e-02
7.284869999999999957e-01 9.966300000000000159e-02
7.284869999999999957e-01 9.966300000000000159e-02
7.284869999999999957e-01 9.966300000000000159e-02
7.284869999999999957e-01 9.966300000000000159e-02
7.284869999999999957e-01 9.966300000000000159e-02
7.319229999999999903e-01 9.999500000000000055e-02
7.359569999999999723e-01 1.003269999999999995e-01
7.395469999999999544e-01 1.006589999999999985e-01
7.423340000000000494e-01 1.009909999999999974e-01
7.442919999999999536e-01 1.013229999999999964e-01
7.457329999999999792e-01 1.016549999999999954e-01
7.470609999999999751e-01 1.019869999999999943e-01
7.485530000000000239e-01 1.023189999999999933e-01
7.503919999999999479e-01 1.026519999999999933e-01
7.525089999999999835e-01 1.029840000000000061e-01
7.548110000000000097e-01 1.033160000000000051e-01
7.571849999999999969e-01 1.036480000000000040e-01
7.595319999999999849e-01 1.039800000000000030e-01
7.617880000000000207e-01 1.043120000000000019e-01
7.639340000000000019e-01 1.046440000000000009e-01
7.659939999999999527e-01 1.049759999999999999e-01
7.679890000000000327e-01 1.053089999999999998e-01
7.699909999999999810e-01 1.056409999999999988e-01
7.720479999999999565e-01 1.059729999999999978e-01
7.741470000000000296e-01 1.063049999999999967e-01
7.762769999999999948e-01 1.066369999999999957e-01
7.784240000000000048e-01 1.069689999999999946e-01
7.805739999999999901e-01 1.073009999999999936e-01
7.827140000000000208e-01 1.076330000000000064e-01
7.848309999999999453e-01 1.079660000000000064e-01
7.869410000000000016e-01 1.082980000000000054e-01
7.890490000000000004e-01 1.086300000000000043e-01
7.911569999999999991e-01 1.089620000000000033e-01
7.932700000000000307e-01 1.092940000000000023e-01
7.953850000000000087e-01 1.096260000000000012e-01
7.975029999999999619e-01 1.099580000000000002e-01
7.996189999999999687e-01 1.102899999999999991e-01
8.017370000000000330e-01 1.106229999999999991e-01
8.038570000000000437e-01 1.109549999999999981e-01
8.059809999999999475e-01 1.112869999999999970e-01
8.081089999999999662e-01 1.116189999999999960e-01
8.102420000000000178e-01 1.119509999999999950e-01
8.123799999999999910e-01 1.122829999999999939e-01
8.145170000000000465e-01 1.126150000000000068e-01
8.166489999999999583e-01 1.129470000000000057e-01
8.187750000000000306e-01 1.132800000000000057e-01
8.208959999999999591e-01 1.136120000000000047e-01
8.230129999999999946e-01 1.139440000000000036e-01
8.251349999999999518e-01 1.142760000000000026e-01
8.272629999999999706e-01 1.146080000000000015e-01
8.293989999999999974e-01 1.149400000000000005e-01
8.315409999999999746e-01 1.152719999999999995e-01
8.336860000000000381e-01 1.156039999999999984e-01
8.358349999999999946e-01 1.159369999999999984e-01
8.379830000000000334e-01 1.162689999999999974e-01
8.401300000000000434e-01 1.166009999999999963e-01
8.422739999999999672e-01 1.169329999999999953e-01
8.444160000000000554e-01 1.172649999999999942e-01
8.465559999999999752e-01 1.175969999999999932e-01
8.486949999999999772e-01 1.179290000000000060e-01
8.508339999999999792e-01 1.182620000000000060e-01
8.529790000000000427e-01 1.185940000000000050e-01
8.551279999999999992e-01 1.189260000000000039e-01
8.572859999999999925e-01 1.192580000000000029e-01
8.594479999999999897e-01 1.195900000000000019e-01
8.616150000000000198e-01 1.199220000000000008e-01
8.637850000000000250e-01 1.202539999999999998e-01
8.659569999999999768e-01 1.205859999999999987e-01
8.681320000000000148e-01 1.209179999999999977e-01
8.703109999999999458e-01 1.212509999999999977e-01
8.724870000000000125e-01 1.215829999999999966e-01
8.746650000000000258e-01 1.219149999999999956e-01
8.768460000000000143e-01 1.222469999999999946e-01
8.790299999999999780e-01 1.225789999999999935e-01
8.812140000000000528e-01 1.229110000000000064e-01
8.833959999999999591e-01 1.232430000000000053e-01
8.855760000000000298e-01 1.235760000000000053e-01
8.877570000000000183e-01 1.239080000000000042e-01
8.899430000000000396e-01 1.242400000000000032e-01
8.921320000000000361e-01 1.245720000000000022e-01
8.943320000000000158e-01 1.249040000000000011e-01
8.965319999999999956e-01 1.252359999999999862e-01
8.987420000000000408e-01 1.255680000000000129e-01
9.009489999999999998e-01 1.259000000000000119e-01
9.031660000000000244e-01 1.262320000000000109e-01
9.053830000000000489e-01 1.265650000000000108e-01
9.075980000000000159e-01 1.268970000000000098e-01
9.098089999999999788e-01 1.272290000000000088e-01
9.120179999999999954e-01 1.275610000000000077e-01
9.142280000000000406e-01 1.278930000000000067e-01
9.164390000000000036e-01 1.282250000000000056e-01
9.186499999999999666e-01 1.285570000000000046e-01
9.208600000000000119e-01 1.288900000000000046e-01
9.230709999999999749e-01 1.292220000000000035e-01
9.252839999999999954e-01 1.295540000000000025e-01
9.274970000000000159e-01 1.298860000000000015e-01
9.297100000000000364e-01 1.302180000000000004e-01
9.319290000000000074e-01 1.305499999999999994e-01
9.341519999999999824e-01 1.308819999999999983e-01
9.363780000000000436e-01 1.312139999999999973e-01
9.386090000000000266e-01 1.315459999999999963e-01
9.408410000000000384e-01 1.318789999999999962e-01
9.430699999999999639e-01 1.322109999999999952e-01
9.452960000000000251e-01 1.325429999999999942e-01
9.475230000000000041e-01 1.328749999999999931e-01
9.475230000000000041e-01 1.328749999999999931e-01
9.475230000000000041e-01 1.328749999999999931e-01
9.475230000000000041e-01 1.328749999999999931e-01
9.475230000000000041e-01 1.328749999999999931e-01
9.475230000000000041e-01 1.328749999999999931e-01
9.475230000000000041e-01 1.328749999999999931e-01
9.475230000000000041e-01 1.328749999999999931e-01
9.475230000000000041e-01 1.328749999999999931e-01
9.475230000000000041e-01 1.328749999999999931e-01
9.475230000000000041e-01 1.328749999999999931e-01
9.475230000000000041e-01 1.328749999999999931e-01
9.475230000000000041e-01 1.328749999999999931e-01
9.475230000000000041e-01 1.328749999999999931e-01
9.475230000000000041e-01 1.328749999999999931e-01
9.475230000000000041e-01 1.328749999999999931e-01
9.475230000000000041e-01 1.328749999999999931e-01
9.475230000000000041e-01 1.328749999999999931e-01
9.475230000000000041e-01 1.328749999999999931e-01
9.475230000000000041e-01 1.328749999999999931e-01
9.475230000000000041e-01 1.328749999999999931e-01
9.475230000000000041e-01 1.328749999999999931e-01
9.475230000000000041e-01 1.328749999999999931e-01
9.475230000000000041e-01 1.328749999999999931e-01
9.490060000000000162e-01 1.332069999999999921e-01
9.506050000000000333e-01 1.335389999999999910e-01
9.523920000000000163e-01 1.338719999999999910e-01
9.545420000000000016e-01 1.342039999999999900e-01
9.570790000000000131e-01 1.345359999999999889e-01
9.598539999999999850e-01 1.348679999999999879e-01
9.627520000000000522e-01 1.352009999999999879e-01
9.655299999999999994e-01 1.355329999999999868e-01
9.681459999999999511e-01 1.358650000000000135e-01
9.706590000000000495e-01 1.361970000000000125e-01
9.730799999999999450e-01 1.365300000000000125e-01
9.754129999999999745e-01 1.368620000000000114e-01
9.777919999999999945e-01 1.371940000000000104e-01
9.802159999999999762e-01 1.375270000000000103e-01
9.826970000000000427e-01 1.378590000000000093e-01
9.852199999999999847e-01 1.381910000000000083e-01
9.877569999999999961e-01 1.385230000000000072e-01
9.903129999999999988e-01 1.388560000000000072e-01
9.928690000000000015e-01 1.391880000000000062e-01
9.953849999999999643e-01 1.395200000000000051e-01
9.979109999999999925e-01 1.398520000000000041e-01
1.000396000000000063e+00 1.401850000000000041e-01
1.002868000000000093e+00 1.405170000000000030e-01
1.005412999999999890e+00 1.408490000000000020e-01
1.007934000000000108e+00 1.411810000000000009e-01
1.010518000000000027e+00 1.415140000000000009e-01
1.013060000000000072e+00 1.418459999999999999e-01
1.015654999999999974e+00 1.421779999999999988e-01
1.018265999999999893e+00 1.425099999999999978e-01
1.020872999999999919e+00 1.428429999999999978e-01
1.023466999999999905e+00 1.431749999999999967e-01
1.026045000000000096e+00 1.435069999999999957e-01
1.028613000000000000e+00 1.438389999999999946e-01
1.031182999999999961e+00 1.441709999999999936e-01
1.033754999999999979e+00 1.445039999999999936e-01
1.036280000000000090e+00 1.448359999999999925e-01
1.038850000000000051e+00 1.451679999999999915e-01
1.041450999999999905e+00 1.455009999999999915e-01
1.044067000000000078e+00 1.458329999999999904e-01
1.046642000000000072e+00 1.461649999999999894e-01
1.049261999999999917e+00 1.464969999999999883e-01
1.051863999999999910e+00 1.468289999999999873e-01
1.054448000000000052e+00 1.471619999999999873e-01
1.057079000000000102e+00 1.474939999999999862e-01
1.059706000000000037e+00 1.478260000000000129e-01
1.062346999999999930e+00 1.481590000000000129e-01
1.065017000000000102e+00 1.484910000000000119e-01
1.067704999999999904e+00 1.488230000000000108e-01
1.070400000000000018e+00 1.491550000000000098e-01
1.073069000000000051e+00 1.494880000000000098e-01
1.075763000000000025e+00 1.498200000000000087e-01
1.078443999999999958e+00 1.501520000000000077e-01
1.081107000000000040e+00 1.504840000000000066e-01
1.083757999999999999e+00 1.508160000000000056e-01
1.086411000000000016e+00 1.511490000000000056e-01
1.089051999999999909e+00 1.514810000000000045e-01
1.091725999999999974e+00 1.518130000000000035e-01
1.094424999999999981e+00 1.521450000000000025e-01
1.097140999999999922e+00 1.524780000000000024e-01
1.099869999999999903e+00 1.528100000000000014e-01
1.102570000000000050e+00 1.531420000000000003e-01
1.105240000000000000e+00 1.534750000000000003e-01
1.107904999999999918e+00 1.538069999999999993e-01
1.110584000000000016e+00 1.541389999999999982e-01
1.113302000000000014e+00 1.544709999999999972e-01
1.116028000000000020e+00 1.548039999999999972e-01
1.118803999999999910e+00 1.551359999999999961e-01
1.121572999999999931e+00 1.554679999999999951e-01
1.124341999999999953e+00 1.557999999999999940e-01
1.127091999999999983e+00 1.561319999999999930e-01
1.129853999999999914e+00 1.564649999999999930e-01
1.132594000000000101e+00 1.567969999999999919e-01
1.135348999999999942e+00 1.571289999999999909e-01
1.138122999999999996e+00 1.574609999999999899e-01
1.140949999999999909e+00 1.577939999999999898e-01
1.143818999999999919e+00 1.581259999999999888e-01
1.146662999999999988e+00 1.584579999999999878e-01
1.149467999999999934e+00 1.587909999999999877e-01
1.152284000000000086e+00 1.591229999999999867e-01
1.155064000000000091e+00 1.594550000000000134e-01
1.157866000000000062e+00 1.597870000000000124e-01
1.160716000000000081e+00 1.601200000000000123e-01
1.163575000000000026e+00 1.604520000000000113e-01
1.166498999999999953e+00 1.607840000000000102e-01
1.169411999999999896e+00 1.611160000000000092e-01
1.172309000000000045e+00 1.614480000000000082e-01
1.175205999999999973e+00 1.617810000000000081e-01
1.178048999999999902e+00 1.621130000000000071e-01
1.180908000000000069e+00 1.624450000000000061e-01
1.183769999999999989e+00 1.627770000000000050e-01
1.186669999999999892e+00 1.631100000000000050e-01
1.189627999999999908e+00 1.634420000000000039e-01
1.192593000000000014e+00 1.637740000000000029e-01
1.195591999999999988e+00 1.641060000000000019e-01
1.198617999999999961e+00 1.644390000000000018e-01
1.201651999999999942e+00 1.647710000000000008e-01
1.204695000000000071e+00 1.651029999999999998e-01
1.207767000000000035e+00 1.654359999999999997e-01
1.210811999999999999e+00 1.657679999999999987e-01
1.213802000000000048e+00 1.660999999999999976e-01
1.213802000000000048e+00 1.660999999999999976e-01
1.213802000000000048e+00 1.660999999999999976e-01
1.213802000000000048e+00 1.660999999999999976e-01
1.213802000000000048e+00 1.660999999999999976e-01
1.213802000000000048e+00 1.660999999999999976e-01
1.213802000000000048e+00 1.660999999999999976e-01
1.213802000000000048e+00 1.660999999999999976e-01
1.213802000000000048e+00 1.660999999999999976e-01
1.213802000000000048e+00 1.660999999999999976e-01
1.213802000000000048e+00 1.660999999999999976e-01
1.213802000000000048e+00 1.660999999999999976e-01
1.213802000000000048e+00 1.660999999999999976e-01
1.213802000000000048e+00 1.660999999999999976e-01
1.213802000000000048e+00 1.660999999999999976e-01
1.213802000000000048e+00 1.660999999999999976e-01
1.213802000000000048e+00 1.660999999999999976e-01
1.213802000000000048e+00 1.660999999999999976e-01
1.213802000000000048e+00 1.660999999999999976e-01
1.213802000000000048e+00 1.660999999999999976e-01
1.213802000000000048e+00 1.660999999999999976e-01
1.213802000000000048e+00 1.660999999999999976e-01
1.213802000000000048e+00 1.660999999999999976e-01
1.213802000000000048e+00 1.660999999999999976e-01
1.214320000000000066e+00 1.664319999999999966e-01
1.214285000000000059e+00 1.667639999999999956e-01
1.214320000000000066e+00 1.670959999999999945e-01
1.215241000000000016e+00 1.674279999999999935e-01
1.218334999999999946e+00 1.677609999999999935e-01
1.223173999999999984e+00 1.680929999999999924e-01
1.229049000000000058e+00 1.684249999999999914e-01
1.235036999999999940e+00 1.687569999999999903e-01
1.240621999999999892e+00 1.690889999999999893e-01
1.245224000000000109e+00 1.694209999999999883e-01
1.248636000000000079e+00 1.697529999999999872e-01
1.251098999999999961e+00 1.700849999999999862e-01
1.253136999999999945e+00 1.704179999999999862e-01
1.255389000000000088e+00 1.707500000000000129e-01
1.258246999999999893e+00 1.710820000000000118e-01
1.261938000000000004e+00 1.714140000000000108e-01
1.266378999999999921e+00 1.717460000000000098e-01
1.271296999999999899e+00 1.720780000000000087e-01
1.276264000000000065e+00 1.724100000000000077e-01
1.280894999999999895e+00 1.727420000000000067e-01
1.284969000000000028e+00 1.730750000000000066e-01
1.288548000000000027e+00 1.734070000000000056e-01
1.291749000000000036e+00 1.737390000000000045e-01
1.294850999999999974e+00 1.740710000000000035e-01
1.298089999999999966e+00 1.744030000000000025e-01
1.301717000000000013e+00 1.747350000000000014e-01
1.305692000000000075e+00 1.750670000000000004e-01
1.310011000000000037e+00 1.754000000000000004e-01
1.314451000000000036e+00 1.757319999999999993e-01
1.318923000000000068e+00 1.760639999999999983e-01
1.323328000000000060e+00 1.763959999999999972e-01
1.327555999999999958e+00 1.767279999999999962e-01
1.331646000000000107e+00 1.770599999999999952e-01
1.335604000000000013e+00 1.773919999999999941e-01
1.339572999999999903e+00 1.777239999999999931e-01
1.343566000000000038e+00 1.780569999999999931e-01
1.347658000000000023e+00 1.783889999999999920e-01
1.351887999999999979e+00 1.787209999999999910e-01
1.356271000000000004e+00 1.790529999999999899e-01
1.360746000000000011e+00 1.793849999999999889e-01
1.365291999999999950e+00 1.797169999999999879e-01
1.369874999999999954e+00 1.800489999999999868e-01
1.374422000000000033e+00 1.803810000000000136e-01
1.378886000000000056e+00 1.807140000000000135e-01
1.383343999999999907e+00 1.810460000000000125e-01
1.387782999999999989e+00 1.813780000000000114e-01
1.392244999999999955e+00 1.817100000000000104e-01
1.396754999999999969e+00 1.820420000000000094e-01
1.401342000000000088e+00 1.823740000000000083e-01
1.406031000000000031e+00 1.827060000000000073e-01
1.410762999999999989e+00 1.830380000000000063e-01
1.415553999999999979e+00 1.833710000000000062e-01
1.420233999999999996e+00 1.837030000000000052e-01
1.424981999999999971e+00 1.840350000000000041e-01
1.429797999999999902e+00 1.843670000000000031e-01
1.434665000000000079e+00 1.846990000000000021e-01
1.439594000000000040e+00 1.850310000000000010e-01
1.444588999999999901e+00 1.853630000000000000e-01
1.449640999999999957e+00 1.856949999999999990e-01
1.454760999999999971e+00 1.860279999999999989e-01
1.459932000000000007e+00 1.863599999999999979e-01
1.465163999999999911e+00 1.866919999999999968e-01
1.470326999999999940e+00 1.870239999999999958e-01
1.475583000000000089e+00 1.873559999999999948e-01
1.480971999999999955e+00 1.876879999999999937e-01
1.486458000000000057e+00 1.880199999999999927e-01
1.492075999999999958e+00 1.883519999999999917e-01
1.497762999999999955e+00 1.886839999999999906e-01
1.503521000000000107e+00 1.890169999999999906e-01
1.509222000000000063e+00 1.893489999999999895e-01
1.515004999999999935e+00 1.896809999999999885e-01
1.520872000000000002e+00 1.900129999999999875e-01
1.526839000000000057e+00 1.903449999999999864e-01
1.532918000000000003e+00 1.906770000000000131e-01
1.539144000000000068e+00 1.910090000000000121e-01
1.545463999999999949e+00 1.913420000000000121e-01
1.551897000000000082e+00 1.916740000000000110e-01
1.558397999999999950e+00 1.920060000000000100e-01
1.564934999999999965e+00 1.923380000000000090e-01
1.571538000000000102e+00 1.926700000000000079e-01
1.578244999999999898e+00 1.930020000000000069e-01
1.585102000000000011e+00 1.933340000000000058e-01
1.592198000000000002e+00 1.936660000000000048e-01
1.599463000000000079e+00 1.939980000000000038e-01
1.606943000000000010e+00 1.943310000000000037e-01
1.614646000000000026e+00 1.946630000000000027e-01
1.622554999999999970e+00 1.949950000000000017e-01
1.630675000000000097e+00 1.953270000000000006e-01
1.639070999999999945e+00 1.956589999999999996e-01
1.647634999999999961e+00 1.959909999999999985e-01
1.656376999999999988e+00 1.963229999999999975e-01
1.665323000000000109e+00 1.966559999999999975e-01
1.674428000000000027e+00 1.969879999999999964e-01
1.683724999999999916e+00 1.973199999999999954e-01
1.693224000000000062e+00 1.976519999999999944e-01
1.702995999999999954e+00 1.979839999999999933e-01
1.713092000000000059e+00 1.983159999999999923e-01
1.723599000000000103e+00 1.986479999999999912e-01
1.734563999999999995e+00 1.989799999999999902e-01
1.746097999999999928e+00 1.993129999999999902e-01
1.746097999999999928e+00 1.993129999999999902e-01
1.746097999999999928e+00 1.993129999999999902e-01
1.746097999999999928e+00 1.993129999999999902e-01
1.746097999999999928e+00 1.993129999999999902e-01
1.746097999999999928e+00 1.993129999999999902e-01
1.746097999999999928e+00 1.993129999999999902e-01
1.746097999999999928e+00 1.993129999999999902e-01
1.746097999999999928e+00 1.993129999999999902e-01
1.746097999999999928e+00 1.993129999999999902e-01
1.746097999999999928e+00 1.993129999999999902e-01
1.746097999999999928e+00 1.993129999999999902e-01
1.746097999999999928e+00 1.993129999999999902e-01
1.746097999999999928e+00 1.993129999999999902e-01
1.746097999999999928e+00 1.993129999999999902e-01
1.746097999999999928e+00 1.993129999999999902e-01
1.746097999999999928e+00 1.993129999999999902e-01
1.746097999999999928e+00 1.993129999999999902e-01
1.746097999999999928e+00 1.993129999999999902e-01
1.746097999999999928e+00 1.993129999999999902e-01
1.746097999999999928e+00 1.993129999999999902e-01
1.746097999999999928e+00 1.993129999999999902e-01
1.746097999999999928e+00 1.993129999999999902e-01
1.746097999999999928e+00 1.993129999999999902e-01
1.757940000000000058e+00 1.996449999999999891e-01
