0.000000000000000000e+00 0.000000000000000000e+00
-0.000000000000000000e+00 0.000000000000000000e+00
-0.000000000000000000e+00 0.000000000000000000e+00
-0.000000000000000000e+00 0.000000000000000000e+00
-0.000000000000000000e+00 0.000000000000000000e+00
-0.000000000000000000e+00 0.000000000000000000e+00
-0.000000000000000000e+00 0.000000000000000000e+00
-0.000000000000000000e+00 0.000000000000000000e+00
-0.000000000000000000e+00 0.000000000000000000e+00
-0.000000000000000000e+00 0.000000000000000000e+00
-0.000000000000000000e+00 0.000000000000000000e+00
-0.000000000000000000e+00 0.000000000000000000e+00
-0.000000000000000000e+00 0.000000000000000000e+00
-0.000000000000000000e+00 0.000000000000000000e+00
-0.000000000000000000e+00 0.000000000000000000e+00
-0.000000000000000000e+00 0.000000000000000000e+00
-0.000000000000000000e+00 0.000000000000000000e+00
-0.000000000000000000e+00 0.000000000000000000e+00
-0.000000000000000000e+00 0.000000000000000000e+00
-0.000000000000000000e+00 0.000000000000000000e+00
-0.000000000000000000e+00 0.000000000000000000e+00
-0.000000000000000000e+00 0.000000000000000000e+00
-0.000000000000000000e+00 0.000000000000000000e+00
1.092400000000000038e-01 6.644999999999999865e-03
1.684199999999999864e-01 1.328999999999999973e-02
2.188009999999999955e-01 1.993500000000000133e-02
2.624589999999999979e-01 2.657999999999999946e-02
3.041570000000000107e-01 3.322499999999999759e-02
3.041570000000000107e-01 3.322499999999999759e-02
3.041570000000000107e-01 3.322499999999999759e-02
3.041570000000000107e-01 3.322499999999999759e-02
3.041570000000000107e-01 3.322499999999999759e-02
3.041570000000000107e-01 3.322499999999999759e-02
3.041570000000000107e-01 3.322499999999999759e-02
3.041570000000000107e-01 3.322499999999999759e-02
3.041570000000000107e-01 3.322499999999999759e-02
3.041570000000000107e-01 3.322499999999999759e-02
3.041570000000000107e-01 3.322499999999999759e-02
3.041570000000000107e-01 3.322499999999999759e-02
3.041570000000000107e-01 3.322499999999999759e-02
3.041570000000000107e-01 3.322499999999999759e-02
3.041570000000000107e-01 3.322499999999999759e-02
3.041570000000000107e-01 3.322499999999999759e-02
3.041570000000000107e-01 3.322499999999999759e-02
3.041570000000000107e-01 3.322499999999999759e-02
3.041570000000000107e-01 3.322499999999999759e-02
3.041570000000000107e-01 3.322499999999999759e-02
3.041570000000000107e-01 3.322499999999999759e-02
3.041570000000000107e-01 3.322499999999999759e-02
3.041570000000000107e-01 3.322499999999999759e-02
3.041570000000000107e-01 3.322499999999999759e-02
3.491349999999999731e-01 3.986699999999999966e-02
3.912979999999999792e-01 4.651000000000000273e-02
4.308279999999999887e-01 5.315299999999999886e-02
4.697859999999999814e-01 5.979500000000000093e-02
5.081909999999999483e-01 6.643799999999999706e-02
5.081909999999999483e-01 6.643799999999999706e-02
5.081909999999999483e-01 6.643799999999999706e-02
5.081909999999999483e-01 6.643799999999999706e-02
5.081909999999999483e-01 6.643799999999999706e-02
5.081909999999999483e-01 6.643799999999999706e-02
5.081909999999999483e-01 6.643799999999999706e-02
5.081909999999999483e-01 6.643799999999999706e-02
5.081909999999999483e-01 6.643799999999999706e-02
5.081909999999999483e-01 6.643799999999999706e-02
5.081909999999999483e-01 6.643799999999999706e-02
5.081909999999999483e-01 6.643799999999999706e-02
5.081909999999999483e-01 6.643799999999999706e-02
5.081909999999999483e-01 6.643799999999999706e-02
5.081909999999999483e-01 6.643799999999999706e-02
5.081909999999999483e-01 6.643799999999999706e-02
5.081909999999999483e-01 6.643799999999999706e-02
5.081909999999999483e-01 6.643799999999999706e-02
5.081909999999999483e-01 6.643799999999999706e-02
5.081909999999999483e-01 6.643799999999999706e-02
5.081909999999999483e-01 6.643799999999999706e-02
5.081909999999999483e-01 6.643799999999999706e-02
5.081909999999999483e-01 6.643799999999999706e-02
5.081909999999999483e-01 6.643799999999999706e-02
5.535660000000000025e-01 7.308199999999999419e-02
5.928539999999999921e-01 7.972700000000000620e-02
6.329179999999999806e-01 8.637300000000000533e-02
6.705649999999999666e-01 9.301700000000000246e-02
7.089520000000000266e-01 9.966300000000000159e-02
7.089520000000000266e-01 9.966300000000000159e-02
7.089520000000000266e-01 9.966300000000000159e-02
7.089520000000000266e-01 9.966300000000000159e-02
7.089520000000000266e-01 9.966300000000000159e-02
7.089520000000000266e-01 9.966300000000000159e-02
7.089520000000000266e-01 9.966300000000000159e-02
7.089520000000000266e-01 9.966300000000000159e-02
7.089520000000000266e-01 9.966300000000000159e-02
7.089520000000000266e-01 9.966300000000000159e-02
7.089520000000000266e-01 9.966300000000000159e-02
7.089520000000000266e-01 9.966300000000000159e-02
7.089520000000000266e-01 9.966300000000000159e-02
7.089520000000000266e-01 9.966300000000000159e-02
7.089520000000000266e-01 9.966300000000000159e-02
7.089520000000000266e-01 9.966300000000000159e-02
7.089520000000000266e-01 9.966300000000000159e-02
7.089520000000000266e-01 9.966300000000000159e-02
7.089520000000000266e-01 9.966300000000000159e-02
7.089520000000000266e-01 9.966300000000000159e-02
7.089520000000000266e-01 9.966300000000000159e-02
7.089520000000000266e-01 9.966300000000000159e-02
7.089520000000000266e-01 9.966300000000000159e-02
7.089520000000000266e-01 9.966300000000000159e-02
7.410940000000000305e-01 1.063049999999999967e-01
7.855849999999999778e-01 1.129470000000000057e-01
8.294880000000000031e-01 1.195900000000000019e-01
8.751839999999999620e-01 1.262320000000000109e-01
9.222860000000000502e-01 1.328749999999999931e-01
9.222860000000000502e-01 1.328749999999999931e-01
9.222860000000000502e-01 1.328749999999999931e-01
9.222860000000000502e-01 1.328749999999999931e-01
9.222860000000000502e-01 1.328749999999999931e-01
9.222860000000000502e-01 1.328749999999999931e-01
9.222860000000000502e-01 1.328749999999999931e-01
9.222860000000000502e-01 1.328749999999999931e-01
9.222860000000000502e-01 1.328749999999999931e-01
9.222860000000000502e-01 1.328749999999999931e-01
9.222860000000000502e-01 1.328749999999999931e-01
9.222860000000000502e-01 1.328749999999999931e-01
9.222860000000000502e-01 1.328749999999999931e-01
9.222860000000000502e-01 1.328749999999999931e-01
9.222860000000000502e-01 1.328749999999999931e-01
9.222860000000000502e-01 1.328749999999999931e-01
9.222860000000000502e-01 1.328749999999999931e-01
9.222860000000000502e-01 1.328749999999999931e-01
9.222860000000000502e-01 1.328749999999999931e-01
9.222860000000000502e-01 1.328749999999999931e-01
9.222860000000000502e-01 1.328749999999999931e-01
9.222860000000000502e-01 1.328749999999999931e-01
9.222860000000000502e-01 1.328749999999999931e-01
9.222860000000000502e-01 1.328749999999999931e-01
9.824559999999999960e-01 1.395200000000000051e-01
1.034107000000000109e+00 1.461649999999999894e-01
1.089387000000000105e+00 1.528100000000000014e-01
1.152530999999999972e+00 1.594550000000000134e-01
1.227476999999999929e+00 1.660999999999999976e-01
1.227476999999999929e+00 1.660999999999999976e-01
1.227476999999999929e+00 1.660999999999999976e-01
1.227476999999999929e+00 1.660999999999999976e-01
1.227476999999999929e+00 1.660999999999999976e-01
1.227476999999999929e+00 1.660999999999999976e-01
1.227476999999999929e+00 1.660999999999999976e-01
1.227476999999999929e+00 1.660999999999999976e-01
1.227476999999999929e+00 1.660999999999999976e-01
1.227476999999999929e+00 1.660999999999999976e-01
1.227476999999999929e+00 1.660999999999999976e-01
1.227476999999999929e+00 1.660999999999999976e-01
1.227476999999999929e+00 1.660999999999999976e-01
1.227476999999999929e+00 1.660999999999999976e-01
1.227476999999999929e+00 1.660999999999999976e-01
1.227476999999999929e+00 1.660999999999999976e-01
1.227476999999999929e+00 1.660999999999999976e-01
1.227476999999999929e+00 1.660999999999999976e-01
1.227476999999999929e+00 1.660999999999999976e-01
1.227476999999999929e+00 1.660999999999999976e-01
1.227476999999999929e+00 1.660999999999999976e-01
1.227476999999999929e+00 1.660999999999999976e-01
1.227476999999999929e+00 1.660999999999999976e-01
1.227476999999999929e+00 1.660999999999999976e-01
1.305981000000000058e+00 1.727420000000000067e-01
1.446533000000000069e+00 1.793849999999999889e-01
1.711864000000000052e+00 1.827060000000000073e-01
1.844529000000000085e+00 1.843670000000000031e-01
1.910862000000000060e+00 1.851970000000000005e-01
