0.000000000000000000e+00 0.000000000000000000e+00
-0.000000000000000000e+00 0.000000000000000000e+00
-0.000000000000000000e+00 0.000000000000000000e+00
-0.000000000000000000e+00 0.000000000000000000e+00
-0.000000000000000000e+00 0.000000000000000000e+00
-0.000000000000000000e+00 0.000000000000000000e+00
-0.000000000000000000e+00 0.000000000000000000e+00
-0.000000000000000000e+00 0.000000000000000000e+00
-0.000000000000000000e+00 0.000000000000000000e+00
-0.000000000000000000e+00 0.000000000000000000e+00
-0.000000000000000000e+00 0.000000000000000000e+00
-0.000000000000000000e+00 0.000000000000000000e+00
-0.000000000000000000e+00 0.000000000000000000e+00
-0.000000000000000000e+00 0.000000000000000000e+00
-0.000000000000000000e+00 0.000000000000000000e+00
-0.000000000000000000e+00 0.000000000000000000e+00
-0.000000000000000000e+00 0.000000000000000000e+00
-0.000000000000000000e+00 0.000000000000000000e+00
-0.000000000000000000e+00 0.000000000000000000e+00
-0.000000000000000000e+00 0.000000000000000000e+00
-0.000000000000000000e+00 0.000000000000000000e+00
-0.000000000000000000e+00 0.000000000000000000e+00
-0.000000000000000000e+00 0.000000000000000000e+00
6.640400000000000469e-02 6.644999999999999865e-03
1.000980000000000064e-01 1.328999999999999973e-02
1.283739999999999881e-01 1.993500000000000133e-02
1.535060000000000036e-01 2.657999999999999946e-02
1.763740000000000030e-01 3.322499999999999759e-02
1.763740000000000030e-01 3.322499999999999759e-02
1.763740000000000030e-01 3.322499999999999759e-02
1.763740000000000030e-01 3.322499999999999759e-02
1.763740000000000030e-01 3.322499999999999759e-02
1.763740000000000030e-01 3.322499999999999759e-02
1.763740000000000030e-01 3.322499999999999759e-02
1.763740000000000030e-01 3.322499999999999759e-02
1.763740000000000030e-01 3.322499999999999759e-02
1.763740000000000030e-01 3.322499999999999759e-02
1.763740000000000030e-01 3.322499999999999759e-02
1.763740000000000030e-01 3.322499999999999759e-02
1.763740000000000030e-01 3.322499999999999759e-02
1.763740000000000030e-01 3.322499999999999759e-02
1.763740000000000030e-01 3.322499999999999759e-02
1.763740000000000030e-01 3.322499999999999759e-02
1.763740000000000030e-01 3.322499999999999759e-02
1.763740000000000030e-01 3.322499999999999759e-02
1.763740000000000030e-01 3.322499999999999759e-02
1.763740000000000030e-01 3.322499999999999759e-02
1.763740000000000030e-01 3.322499999999999759e-02
1.763740000000000030e-01 3.322499999999999759e-02
1.763740000000000030e-01 3.322499999999999759e-02
1.763740000000000030e-01 3.322499999999999759e-02
1.992990000000000039e-01 3.986699999999999966e-02
2.209480000000000055e-01 4.651000000000000273e-02
2.415289999999999937e-01 5.315299999999999886e-02
2.613190000000000235e-01 5.979500000000000093e-02
2.804130000000000233e-01 6.643799999999999706e-02
2.804130000000000233e-01 6.643799999999999706e-02
2.804130000000000233e-01 6.643799999999999706e-02
2.804130000000000233e-01 6.643799999999999706e-02
2.804130000000000233e-01 6.643799999999999706e-02
2.804130000000000233e-01 6.643799999999999706e-02
2.804130000000000233e-01 6.643799999999999706e-02
2.804130000000000233e-01 6.643799999999999706e-02
2.804130000000000233e-01 6.643799999999999706e-02
2.804130000000000233e-01 6.643799999999999706e-02
2.804130000000000233e-01 6.643799999999999706e-02
2.804130000000000233e-01 6.643799999999999706e-02
2.804130000000000233e-01 6.643799999999999706e-02
2.804130000000000233e-01 6.643799999999999706e-02
2.804130000000000233e-01 6.643799999999999706e-02
2.804130000000000233e-01 6.643799999999999706e-02
2.804130000000000233e-01 6.643799999999999706e-02
2.804130000000000233e-01 6.643799999999999706e-02
2.804130000000000233e-01 6.643799999999999706e-02
2.804130000000000233e-01 6.643799999999999706e-02
2.804130000000000233e-01 6.643799999999999706e-02
2.804130000000000233e-01 6.643799999999999706e-02
2.804130000000000233e-01 6.643799999999999706e-02
2.804130000000000233e-01 6.643799999999999706e-02
3.000419999999999754e-01 7.308199999999999419e-02
3.189750000000000085e-01 7.972700000000000620e-02
3.374210000000000265e-01 8.637300000000000533e-02
3.556300000000000017e-01 9.301700000000000246e-02
3.732880000000000087e-01 9.966300000000000159e-02
3.732880000000000087e-01 9.966300000000000159e-02
3.732880000000000087e-01 9.966300000000000159e-02
3.732880000000000087e-01 9.966300000000000159e-02
3.732880000000000087e-01 9.966300000000000159e-02
3.732880000000000087e-01 9.966300000000000159e-02
3.732880000000000087e-01 9.966300000000000159e-02
3.732880000000000087e-01 9.966300000000000159e-02
3.732880000000000087e-01 9.966300000000000159e-02
3.732880000000000087e-01 9.966300000000000159e-02
3.732880000000000087e-01 9.966300000000000159e-02
3.732880000000000087e-01 9.966300000000000159e-02
3.732880000000000087e-01 9.966300000000000159e-02
3.732880000000000087e-01 9.966300000000000159e-02
3.732880000000000087e-01 9.966300000000000159e-02
3.732880000000000087e-01 9.966300000000000159e-02
3.732880000000000087e-01 9.966300000000000159e-02
3.732880000000000087e-01 9.966300000000000159e-02
3.732880000000000087e-01 9.966300000000000159e-02
3.732880000000000087e-01 9.966300000000000159e-02
3.732880000000000087e-01 9.966300000000000159e-02
3.732880000000000087e-01 9.966300000000000159e-02
3.732880000000000087e-01 9.966300000000000159e-02
3.732880000000000087e-01 9.966300000000000159e-02
3.906680000000000152e-01 1.063049999999999967e-01
4.080259999999999998e-01 1.129470000000000057e-01
4.249959999999999849e-01 1.195900000000000019e-01
4.414859999999999896e-01 1.262320000000000109e-01
4.577729999999999855e-01 1.328749999999999931e-01
4.577729999999999855e-01 1.328749999999999931e-01
4.577729999999999855e-01 1.328749999999999931e-01
4.577729999999999855e-01 1.328749999999999931e-01
4.577729999999999855e-01 1.328749999999999931e-01
4.577729999999999855e-01 1.328749999999999931e-01
4.577729999999999855e-01 1.328749999999999931e-01
4.577729999999999855e-01 1.328749999999999931e-01
4.577729999999999855e-01 1.328749999999999931e-01
4.577729999999999855e-01 1.328749999999999931e-01
4.577729999999999855e-01 1.328749999999999931e-01
4.577729999999999855e-01 1.328749999999999931e-01
4.577729999999999855e-01 1.328749999999999931e-01
4.577729999999999855e-01 1.328749999999999931e-01
4.577729999999999855e-01 1.328749999999999931e-01
4.577729999999999855e-01 1.328749999999999931e-01
4.577729999999999855e-01 1.328749999999999931e-01
4.577729999999999855e-01 1.328749999999999931e-01
4.577729999999999855e-01 1.328749999999999931e-01
4.577729999999999855e-01 1.328749999999999931e-01
4.577729999999999855e-01 1.328749999999999931e-01
4.577729999999999855e-01 1.328749999999999931e-01
4.577729999999999855e-01 1.328749999999999931e-01
4.577729999999999855e-01 1.328749999999999931e-01
4.829220000000000179e-01 1.395200000000000051e-01
5.077169999999999739e-01 1.461649999999999894e-01
5.321439999999999504e-01 1.528100000000000014e-01
5.560559999999999947e-01 1.594550000000000134e-01
5.798630000000000173e-01 1.660999999999999976e-01
5.798630000000000173e-01 1.660999999999999976e-01
5.798630000000000173e-01 1.660999999999999976e-01
5.798630000000000173e-01 1.660999999999999976e-01
5.798630000000000173e-01 1.660999999999999976e-01
5.798630000000000173e-01 1.660999999999999976e-01
5.798630000000000173e-01 1.660999999999999976e-01
5.798630000000000173e-01 1.660999999999999976e-01
5.798630000000000173e-01 1.660999999999999976e-01
5.798630000000000173e-01 1.660999999999999976e-01
5.798630000000000173e-01 1.660999999999999976e-01
5.798630000000000173e-01 1.660999999999999976e-01
5.798630000000000173e-01 1.660999999999999976e-01
5.798630000000000173e-01 1.660999999999999976e-01
5.798630000000000173e-01 1.660999999999999976e-01
5.798630000000000173e-01 1.660999999999999976e-01
5.798630000000000173e-01 1.660999999999999976e-01
5.798630000000000173e-01 1.660999999999999976e-01
5.798630000000000173e-01 1.660999999999999976e-01
5.798630000000000173e-01 1.660999999999999976e-01
5.798630000000000173e-01 1.660999999999999976e-01
5.798630000000000173e-01 1.660999999999999976e-01
5.798630000000000173e-01 1.660999999999999976e-01
5.798630000000000173e-01 1.660999999999999976e-01
5.875179999999999847e-01 1.727420000000000067e-01
5.953089999999999771e-01 1.793849999999999889e-01
6.030929999999999902e-01 1.860279999999999989e-01
6.108489999999999753e-01 1.926700000000000079e-01
6.185319999999999707e-01 1.993129999999999902e-01
6.185319999999999707e-01 1.993129999999999902e-01
6.185319999999999707e-01 1.993129999999999902e-01
6.185319999999999707e-01 1.993129999999999902e-01
6.185319999999999707e-01 1.993129999999999902e-01
6.185319999999999707e-01 1.993129999999999902e-01
6.185319999999999707e-01 1.993129999999999902e-01
6.185319999999999707e-01 1.993129999999999902e-01
6.185319999999999707e-01 1.993129999999999902e-01
6.185319999999999707e-01 1.993129999999999902e-01
6.185319999999999707e-01 1.993129999999999902e-01
6.185319999999999707e-01 1.993129999999999902e-01
6.185319999999999707e-01 1.993129999999999902e-01
6.185319999999999707e-01 1.993129999999999902e-01
6.185319999999999707e-01 1.993129999999999902e-01
6.185319999999999707e-01 1.993129999999999902e-01
6.185319999999999707e-01 1.993129999999999902e-01
6.185319999999999707e-01 1.993129999999999902e-01
6.185319999999999707e-01 1.993129999999999902e-01
6.185319999999999707e-01 1.993129999999999902e-01
6.185319999999999707e-01 1.993129999999999902e-01
6.185319999999999707e-01 1.993129999999999902e-01
6.185319999999999707e-01 1.993129999999999902e-01
6.185319999999999707e-01 1.993129999999999902e-01
6.368260000000000032e-01 2.059570000000000012e-01
6.553130000000000344e-01 2.126020000000000132e-01
6.735989999999999478e-01 2.192479999999999984e-01
6.917219999999999480e-01 2.258920000000000095e-01
7.095820000000000460e-01 2.325379999999999947e-01
7.095820000000000460e-01 2.325379999999999947e-01
7.095820000000000460e-01 2.325379999999999947e-01
7.095820000000000460e-01 2.325379999999999947e-01
7.095820000000000460e-01 2.325379999999999947e-01
7.095820000000000460e-01 2.325379999999999947e-01
7.095820000000000460e-01 2.325379999999999947e-01
7.095820000000000460e-01 2.325379999999999947e-01
7.095820000000000460e-01 2.325379999999999947e-01
7.095820000000000460e-01 2.325379999999999947e-01
7.095820000000000460e-01 2.325379999999999947e-01
7.095820000000000460e-01 2.325379999999999947e-01
7.095820000000000460e-01 2.325379999999999947e-01
7.095820000000000460e-01 2.325379999999999947e-01
7.095820000000000460e-01 2.325379999999999947e-01
7.095820000000000460e-01 2.325379999999999947e-01
7.095820000000000460e-01 2.325379999999999947e-01
7.095820000000000460e-01 2.325379999999999947e-01
7.095820000000000460e-01 2.325379999999999947e-01
7.095820000000000460e-01 2.325379999999999947e-01
7.095820000000000460e-01 2.325379999999999947e-01
7.095820000000000460e-01 2.325379999999999947e-01
7.095820000000000460e-01 2.325379999999999947e-01
7.095820000000000460e-01 2.325379999999999947e-01
7.208210000000000450e-01 2.391820000000000057e-01
7.319849999999999968e-01 2.458269999999999900e-01
7.430980000000000363e-01 2.524730000000000030e-01
7.541639999999999455e-01 2.591169999999999862e-01
7.651810000000000000e-01 2.657630000000000270e-01
7.651810000000000000e-01 2.657630000000000270e-01
7.651810000000000000e-01 2.657630000000000270e-01
7.651810000000000000e-01 2.657630000000000270e-01
7.651810000000000000e-01 2.657630000000000270e-01
7.651810000000000000e-01 2.657630000000000270e-01
7.651810000000000000e-01 2.657630000000000270e-01
7.651810000000000000e-01 2.657630000000000270e-01
7.651810000000000000e-01 2.657630000000000270e-01
7.651810000000000000e-01 2.657630000000000270e-01
7.651810000000000000e-01 2.657630000000000270e-01
7.651810000000000000e-01 2.657630000000000270e-01
7.651810000000000000e-01 2.657630000000000270e-01
7.651810000000000000e-01 2.657630000000000270e-01
7.651810000000000000e-01 2.657630000000000270e-01
7.651810000000000000e-01 2.657630000000000270e-01
7.651810000000000000e-01 2.657630000000000270e-01
7.651810000000000000e-01 2.657630000000000270e-01
7.651810000000000000e-01 2.657630000000000270e-01
7.651810000000000000e-01 2.657630000000000270e-01
7.651810000000000000e-01 2.657630000000000270e-01
7.651810000000000000e-01 2.657630000000000270e-01
7.651810000000000000e-01 2.657630000000000270e-01
7.651810000000000000e-01 2.657630000000000270e-01
7.835600000000000342e-01 2.724050000000000082e-01
8.016480000000000272e-01 2.790469999999999895e-01
8.198440000000000172e-01 2.856899999999999995e-01
8.379760000000000542e-01 2.923319999999999808e-01
8.560449999999999449e-01 2.989749999999999908e-01
8.560449999999999449e-01 2.989749999999999908e-01
8.560449999999999449e-01 2.989749999999999908e-01
8.560449999999999449e-01 2.989749999999999908e-01
8.560449999999999449e-01 2.989749999999999908e-01
8.560449999999999449e-01 2.989749999999999908e-01
8.560449999999999449e-01 2.989749999999999908e-01
8.560449999999999449e-01 2.989749999999999908e-01
8.560449999999999449e-01 2.989749999999999908e-01
8.560449999999999449e-01 2.989749999999999908e-01
8.560449999999999449e-01 2.989749999999999908e-01
8.560449999999999449e-01 2.989749999999999908e-01
8.560449999999999449e-01 2.989749999999999908e-01
8.560449999999999449e-01 2.989749999999999908e-01
8.560449999999999449e-01 2.989749999999999908e-01
8.560449999999999449e-01 2.989749999999999908e-01
8.560449999999999449e-01 2.989749999999999908e-01
8.560449999999999449e-01 2.989749999999999908e-01
8.560449999999999449e-01 2.989749999999999908e-01
8.560449999999999449e-01 2.989749999999999908e-01
8.560449999999999449e-01 2.989749999999999908e-01
8.560449999999999449e-01 2.989749999999999908e-01
8.560449999999999449e-01 2.989749999999999908e-01
8.560449999999999449e-01 2.989749999999999908e-01
8.882020000000000470e-01 3.056200000000000028e-01
9.208300000000000374e-01 3.122650000000000148e-01
9.527600000000000513e-01 3.189100000000000268e-01
9.854209999999999914e-01 3.255549999999999833e-01
1.017568999999999946e+00 3.321999999999999953e-01
1.017568999999999946e+00 3.321999999999999953e-01
1.017568999999999946e+00 3.321999999999999953e-01
1.017568999999999946e+00 3.321999999999999953e-01
1.017568999999999946e+00 3.321999999999999953e-01
1.017568999999999946e+00 3.321999999999999953e-01
1.017568999999999946e+00 3.321999999999999953e-01
1.017568999999999946e+00 3.321999999999999953e-01
1.017568999999999946e+00 3.321999999999999953e-01
1.017568999999999946e+00 3.321999999999999953e-01
1.017568999999999946e+00 3.321999999999999953e-01
1.017568999999999946e+00 3.321999999999999953e-01
1.017568999999999946e+00 3.321999999999999953e-01
1.017568999999999946e+00 3.321999999999999953e-01
1.017568999999999946e+00 3.321999999999999953e-01
1.017568999999999946e+00 3.321999999999999953e-01
1.017568999999999946e+00 3.321999999999999953e-01
1.017568999999999946e+00 3.321999999999999953e-01
1.017568999999999946e+00 3.321999999999999953e-01
1.017568999999999946e+00 3.321999999999999953e-01
1.017568999999999946e+00 3.321999999999999953e-01
1.017568999999999946e+00 3.321999999999999953e-01
1.017568999999999946e+00 3.321999999999999953e-01
1.017568999999999946e+00 3.321999999999999953e-01
1.027919000000000027e+00 3.355210000000000137e-01
1.038682000000000105e+00 3.388419999999999765e-01
1.049339000000000022e+00 3.421640000000000237e-01
1.060003000000000029e+00 3.454849999999999866e-01
1.070732999999999935e+00 3.488060000000000049e-01
1.081464999999999899e+00 3.521279999999999966e-01
1.092162999999999995e+00 3.554490000000000149e-01
1.102932000000000023e+00 3.587699999999999778e-01
1.113668000000000102e+00 3.620909999999999962e-01
1.124424000000000090e+00 3.654129999999999878e-01
1.124424000000000090e+00 3.654129999999999878e-01
1.124424000000000090e+00 3.654129999999999878e-01
1.124424000000000090e+00 3.654129999999999878e-01
1.124424000000000090e+00 3.654129999999999878e-01
1.124424000000000090e+00 3.654129999999999878e-01
1.124424000000000090e+00 3.654129999999999878e-01
1.124424000000000090e+00 3.654129999999999878e-01
1.124424000000000090e+00 3.654129999999999878e-01
1.124424000000000090e+00 3.654129999999999878e-01
1.124424000000000090e+00 3.654129999999999878e-01
1.124424000000000090e+00 3.654129999999999878e-01
1.124424000000000090e+00 3.654129999999999878e-01
1.124424000000000090e+00 3.654129999999999878e-01
1.124424000000000090e+00 3.654129999999999878e-01
1.124424000000000090e+00 3.654129999999999878e-01
1.124424000000000090e+00 3.654129999999999878e-01
1.124424000000000090e+00 3.654129999999999878e-01
1.124424000000000090e+00 3.654129999999999878e-01
1.124424000000000090e+00 3.654129999999999878e-01
1.124424000000000090e+00 3.654129999999999878e-01
1.124424000000000090e+00 3.654129999999999878e-01
1.124424000000000090e+00 3.654129999999999878e-01
1.124424000000000090e+00 3.654129999999999878e-01
1.125105999999999939e+00 3.657449999999999868e-01
1.126246999999999998e+00 3.660769999999999857e-01
1.127378999999999909e+00 3.664089999999999847e-01
1.128532000000000091e+00 3.667409999999999837e-01
1.129723999999999950e+00 3.670740000000000114e-01
1.130876999999999910e+00 3.674060000000000104e-01
1.131990999999999969e+00 3.677380000000000093e-01
1.133096000000000103e+00 3.680700000000000083e-01
1.134220000000000006e+00 3.684029999999999805e-01
1.135364000000000040e+00 3.687349999999999794e-01
1.136514999999999942e+00 3.690669999999999784e-01
1.137642000000000042e+00 3.693989999999999774e-01
1.138773999999999953e+00 3.697320000000000051e-01
1.139904000000000028e+00 3.700640000000000041e-01
1.141035999999999939e+00 3.703960000000000030e-01
1.142185000000000006e+00 3.707280000000000020e-01
1.143310999999999966e+00 3.710609999999999742e-01
1.144425999999999943e+00 3.713929999999999731e-01
1.145531000000000077e+00 3.717250000000000276e-01
1.146663999999999906e+00 3.720570000000000266e-01
1.147796999999999956e+00 3.723899999999999988e-01
1.148938000000000015e+00 3.727219999999999978e-01
1.150058999999999942e+00 3.730539999999999967e-01
1.151194999999999968e+00 3.733859999999999957e-01
1.152330999999999994e+00 3.737190000000000234e-01
1.153442000000000078e+00 3.740510000000000224e-01
1.154570000000000096e+00 3.743830000000000213e-01
1.155697999999999892e+00 3.747159999999999935e-01
1.156824000000000074e+00 3.750479999999999925e-01
1.157955000000000068e+00 3.753799999999999915e-01
1.159067999999999987e+00 3.757119999999999904e-01
1.160155000000000047e+00 3.760439999999999894e-01
1.161284999999999901e+00 3.763770000000000171e-01
1.162441000000000058e+00 3.767090000000000161e-01
1.163585000000000091e+00 3.770410000000000150e-01
1.164711999999999970e+00 3.773739999999999872e-01
1.165824999999999889e+00 3.777059999999999862e-01
1.166941999999999924e+00 3.780379999999999852e-01
1.168063000000000073e+00 3.783699999999999841e-01
1.169197000000000042e+00 3.787019999999999831e-01
1.170339999999999936e+00 3.790350000000000108e-01
1.171467999999999954e+00 3.793670000000000098e-01
1.172593999999999914e+00 3.796990000000000087e-01
1.173721999999999932e+00 3.800319999999999809e-01
1.174846000000000057e+00 3.803639999999999799e-01
1.175975999999999910e+00 3.806959999999999789e-01
1.177110000000000101e+00 3.810279999999999778e-01
1.178242000000000012e+00 3.813599999999999768e-01
1.179383000000000070e+00 3.816930000000000045e-01
1.180520999999999932e+00 3.820250000000000035e-01
1.181654999999999900e+00 3.823570000000000024e-01
1.182784000000000058e+00 3.826899999999999746e-01
1.183929999999999927e+00 3.830219999999999736e-01
1.185062000000000060e+00 3.833539999999999726e-01
1.186190999999999995e+00 3.836860000000000270e-01
1.187321999999999989e+00 3.840189999999999992e-01
1.188457000000000097e+00 3.843509999999999982e-01
1.189600999999999908e+00 3.846829999999999972e-01
1.190736999999999934e+00 3.850149999999999961e-01
1.191880999999999968e+00 3.853480000000000238e-01
1.192987000000000020e+00 3.856800000000000228e-01
1.194132999999999889e+00 3.860120000000000218e-01
1.195286999999999988e+00 3.863440000000000207e-01
1.196431000000000022e+00 3.866760000000000197e-01
1.197578999999999949e+00 3.870089999999999919e-01
1.198714999999999975e+00 3.873409999999999909e-01
1.199845000000000050e+00 3.876729999999999898e-01
1.200986000000000109e+00 3.880049999999999888e-01
1.202112000000000069e+00 3.883380000000000165e-01
1.203265999999999947e+00 3.886700000000000155e-01
1.204402999999999890e+00 3.890020000000000144e-01
1.205557999999999907e+00 3.893349999999999866e-01
1.206722999999999990e+00 3.896669999999999856e-01
1.207869999999999999e+00 3.899989999999999846e-01
1.209008000000000083e+00 3.903309999999999835e-01
1.210153000000000034e+00 3.906640000000000112e-01
1.211290999999999896e+00 3.909960000000000102e-01
1.212401999999999980e+00 3.913280000000000092e-01
1.213559999999999972e+00 3.916600000000000081e-01
1.214736999999999956e+00 3.919920000000000071e-01
1.215907999999999989e+00 3.923249999999999793e-01
1.217060000000000031e+00 3.926569999999999783e-01
1.218196999999999974e+00 3.929889999999999772e-01
1.219332000000000082e+00 3.933209999999999762e-01
1.220472999999999919e+00 3.936540000000000039e-01
1.221629000000000076e+00 3.939860000000000029e-01
1.222793999999999937e+00 3.943180000000000018e-01
1.223958000000000101e+00 3.946509999999999740e-01
1.225112999999999897e+00 3.949829999999999730e-01
1.226242000000000054e+00 3.953150000000000275e-01
1.227397000000000071e+00 3.956470000000000264e-01
1.228560000000000096e+00 3.959799999999999986e-01
1.229727999999999932e+00 3.963119999999999976e-01
1.230879999999999974e+00 3.966439999999999966e-01
1.232032000000000016e+00 3.969759999999999955e-01
1.233160000000000034e+00 3.973079999999999945e-01
1.234312000000000076e+00 3.976410000000000222e-01
1.235470999999999986e+00 3.979730000000000212e-01
1.236636999999999986e+00 3.983050000000000201e-01
1.237783999999999995e+00 3.986379999999999924e-01
1.237783999999999995e+00 3.986379999999999924e-01
1.237783999999999995e+00 3.986379999999999924e-01
1.237783999999999995e+00 3.986379999999999924e-01
1.237783999999999995e+00 3.986379999999999924e-01
1.237783999999999995e+00 3.986379999999999924e-01
1.237783999999999995e+00 3.986379999999999924e-01
1.237783999999999995e+00 3.986379999999999924e-01
1.237783999999999995e+00 3.986379999999999924e-01
1.237783999999999995e+00 3.986379999999999924e-01
1.237783999999999995e+00 3.986379999999999924e-01
1.237783999999999995e+00 3.986379999999999924e-01
1.237783999999999995e+00 3.986379999999999924e-01
1.237783999999999995e+00 3.986379999999999924e-01
1.237783999999999995e+00 3.986379999999999924e-01
1.237783999999999995e+00 3.986379999999999924e-01
1.237783999999999995e+00 3.986379999999999924e-01
1.237783999999999995e+00 3.986379999999999924e-01
1.237783999999999995e+00 3.986379999999999924e-01
1.237783999999999995e+00 3.986379999999999924e-01
1.237783999999999995e+00 3.986379999999999924e-01
1.237783999999999995e+00 3.986379999999999924e-01
1.237783999999999995e+00 3.986379999999999924e-01
1.237783999999999995e+00 3.986379999999999924e-01
1.238796000000000008e+00 3.989699999999999913e-01
1.239926000000000084e+00 3.993019999999999903e-01
1.240882999999999958e+00 3.996339999999999892e-01
1.241775000000000073e+00 3.999659999999999882e-01
1.242691999999999908e+00 4.002990000000000159e-01
1.243676000000000004e+00 4.006310000000000149e-01
1.244706000000000090e+00 4.009630000000000138e-01
1.245732999999999979e+00 4.012950000000000128e-01
1.246726000000000001e+00 4.016279999999999850e-01
1.247686999999999991e+00 4.019599999999999840e-01
1.248639999999999972e+00 4.022919999999999829e-01
1.249613000000000085e+00 4.026239999999999819e-01
1.250610999999999917e+00 4.029570000000000096e-01
1.251619000000000037e+00 4.032890000000000086e-01
1.252613999999999894e+00 4.036210000000000075e-01
1.253603999999999941e+00 4.039530000000000065e-01
1.254577000000000053e+00 4.042859999999999787e-01
1.255546000000000051e+00 4.046179999999999777e-01
1.256534000000000040e+00 4.049499999999999766e-01
1.257528999999999897e+00 4.052819999999999756e-01
1.258523999999999976e+00 4.056150000000000033e-01
1.259506999999999932e+00 4.059470000000000023e-01
1.260507000000000044e+00 4.062790000000000012e-01
1.261471999999999927e+00 4.066110000000000002e-01
1.262431000000000081e+00 4.069439999999999724e-01
1.263404999999999889e+00 4.072760000000000269e-01
1.264402000000000026e+00 4.076080000000000259e-01
1.265403000000000056e+00 4.079409999999999981e-01
1.266401000000000110e+00 4.082729999999999970e-01
1.267377999999999894e+00 4.086049999999999960e-01
1.268350000000000088e+00 4.089369999999999949e-01
1.269328000000000012e+00 4.092689999999999939e-01
1.270313000000000025e+00 4.096020000000000216e-01
1.271309999999999940e+00 4.099340000000000206e-01
1.272304000000000102e+00 4.102660000000000196e-01
1.273285000000000000e+00 4.105989999999999918e-01
1.274272999999999989e+00 4.109309999999999907e-01
1.275247000000000019e+00 4.112629999999999897e-01
1.276226000000000083e+00 4.115949999999999886e-01
1.277209000000000039e+00 4.119269999999999876e-01
1.278205000000000036e+00 4.122600000000000153e-01
1.279196000000000000e+00 4.125920000000000143e-01
1.280189999999999939e+00 4.129240000000000133e-01
1.281184000000000101e+00 4.132569999999999855e-01
1.282167000000000057e+00 4.135889999999999844e-01
1.283160999999999996e+00 4.139209999999999834e-01
1.284154000000000018e+00 4.142529999999999824e-01
1.285150000000000015e+00 4.145849999999999813e-01
1.286143000000000036e+00 4.149180000000000090e-01
1.287106000000000083e+00 4.152500000000000080e-01
1.288105000000000055e+00 4.155820000000000070e-01
1.289107999999999921e+00 4.159149999999999792e-01
1.290089999999999959e+00 4.162469999999999781e-01
1.291083999999999898e+00 4.165789999999999771e-01
1.292076000000000002e+00 4.169109999999999761e-01
1.293066999999999966e+00 4.172440000000000038e-01
1.294067999999999996e+00 4.175760000000000027e-01
1.295063999999999993e+00 4.179080000000000017e-01
1.296049000000000007e+00 4.182400000000000007e-01
1.297031999999999963e+00 4.185729999999999729e-01
1.298019000000000034e+00 4.189050000000000273e-01
1.299012999999999973e+00 4.192370000000000263e-01
1.300005000000000077e+00 4.195690000000000253e-01
1.301004999999999967e+00 4.199010000000000242e-01
1.302000999999999964e+00 4.202339999999999964e-01
1.302983999999999920e+00 4.205659999999999954e-01
1.303970000000000073e+00 4.208979999999999944e-01
1.304967999999999906e+00 4.212299999999999933e-01
1.305960999999999927e+00 4.215630000000000210e-01
1.306951999999999892e+00 4.218950000000000200e-01
1.307955999999999896e+00 4.222270000000000190e-01
1.308948000000000000e+00 4.225599999999999912e-01
1.309935999999999989e+00 4.228919999999999901e-01
1.310915999999999970e+00 4.232239999999999891e-01
1.311900999999999984e+00 4.235559999999999881e-01
1.312904999999999989e+00 4.238890000000000158e-01
1.313906999999999936e+00 4.242210000000000147e-01
1.314905999999999908e+00 4.245530000000000137e-01
1.315873000000000070e+00 4.248850000000000127e-01
1.316874000000000100e+00 4.252170000000000116e-01
1.317887000000000031e+00 4.255499999999999838e-01
1.318891999999999953e+00 4.258819999999999828e-01
1.319885999999999893e+00 4.262139999999999818e-01
1.320880999999999972e+00 4.265459999999999807e-01
1.321868999999999961e+00 4.268790000000000084e-01
1.322866000000000097e+00 4.272110000000000074e-01
1.323863000000000012e+00 4.275430000000000064e-01
1.324866000000000099e+00 4.278759999999999786e-01
1.325879999999999947e+00 4.282079999999999775e-01
1.326891000000000043e+00 4.285399999999999765e-01
1.327885999999999900e+00 4.288719999999999755e-01
1.328878999999999921e+00 4.292050000000000032e-01
1.329865000000000075e+00 4.295370000000000021e-01
1.330880999999999981e+00 4.298690000000000011e-01
1.331877999999999895e+00 4.302010000000000001e-01
1.332878999999999925e+00 4.305329999999999990e-01
1.333874999999999922e+00 4.308660000000000267e-01
1.334867000000000026e+00 4.311980000000000257e-01
1.335868000000000055e+00 4.315300000000000247e-01
1.336872999999999978e+00 4.318629999999999969e-01
1.336872999999999978e+00 4.318629999999999969e-01
1.336872999999999978e+00 4.318629999999999969e-01
1.336872999999999978e+00 4.318629999999999969e-01
1.336872999999999978e+00 4.318629999999999969e-01
1.336872999999999978e+00 4.318629999999999969e-01
1.336872999999999978e+00 4.318629999999999969e-01
1.336872999999999978e+00 4.318629999999999969e-01
1.336872999999999978e+00 4.318629999999999969e-01
1.336872999999999978e+00 4.318629999999999969e-01
1.336872999999999978e+00 4.318629999999999969e-01
1.336872999999999978e+00 4.318629999999999969e-01
1.336872999999999978e+00 4.318629999999999969e-01
1.336872999999999978e+00 4.318629999999999969e-01
1.336872999999999978e+00 4.318629999999999969e-01
1.336872999999999978e+00 4.318629999999999969e-01
1.336872999999999978e+00 4.318629999999999969e-01
1.336872999999999978e+00 4.318629999999999969e-01
1.336872999999999978e+00 4.318629999999999969e-01
1.336872999999999978e+00 4.318629999999999969e-01
1.336872999999999978e+00 4.318629999999999969e-01
1.336872999999999978e+00 4.318629999999999969e-01
1.336872999999999978e+00 4.318629999999999969e-01
1.336872999999999978e+00 4.318629999999999969e-01
1.350537000000000099e+00 4.351840000000000153e-01
1.367099000000000064e+00 4.385049999999999781e-01
1.383453000000000044e+00 4.418259999999999965e-01
1.399899999999999922e+00 4.451470000000000149e-01
1.416525999999999952e+00 4.484690000000000065e-01
1.433318000000000092e+00 4.517900000000000249e-01
1.450156999999999918e+00 4.551109999999999878e-01
1.467316999999999982e+00 4.584320000000000062e-01
1.484563999999999995e+00 4.617539999999999978e-01
1.501959000000000044e+00 4.650750000000000162e-01
1.501959000000000044e+00 4.650750000000000162e-01
1.501959000000000044e+00 4.650750000000000162e-01
1.501959000000000044e+00 4.650750000000000162e-01
1.501959000000000044e+00 4.650750000000000162e-01
1.501959000000000044e+00 4.650750000000000162e-01
1.501959000000000044e+00 4.650750000000000162e-01
1.501959000000000044e+00 4.650750000000000162e-01
1.501959000000000044e+00 4.650750000000000162e-01
1.501959000000000044e+00 4.650750000000000162e-01
1.501959000000000044e+00 4.650750000000000162e-01
1.501959000000000044e+00 4.650750000000000162e-01
1.501959000000000044e+00 4.650750000000000162e-01
1.501959000000000044e+00 4.650750000000000162e-01
1.501959000000000044e+00 4.650750000000000162e-01
1.501959000000000044e+00 4.650750000000000162e-01
1.501959000000000044e+00 4.650750000000000162e-01
1.501959000000000044e+00 4.650750000000000162e-01
1.501959000000000044e+00 4.650750000000000162e-01
1.501959000000000044e+00 4.650750000000000162e-01
1.501959000000000044e+00 4.650750000000000162e-01
1.501959000000000044e+00 4.650750000000000162e-01
1.501959000000000044e+00 4.650750000000000162e-01
1.501959000000000044e+00 4.650750000000000162e-01
1.519875000000000087e+00 4.683970000000000078e-01
1.516381999999999897e+00 4.717199999999999727e-01
1.519136000000000042e+00 4.750429999999999930e-01
1.520985000000000031e+00 4.783649999999999847e-01
1.522439000000000098e+00 4.816880000000000051e-01
1.524324000000000012e+00 4.850099999999999967e-01
1.525970999999999966e+00 4.883319999999999883e-01
1.527687999999999935e+00 4.916550000000000087e-01
1.529377999999999904e+00 4.949770000000000003e-01
1.531055999999999973e+00 4.983000000000000207e-01
1.531055999999999973e+00 4.983000000000000207e-01
1.531055999999999973e+00 4.983000000000000207e-01
1.531055999999999973e+00 4.983000000000000207e-01
1.531055999999999973e+00 4.983000000000000207e-01
1.531055999999999973e+00 4.983000000000000207e-01
1.531055999999999973e+00 4.983000000000000207e-01
1.531055999999999973e+00 4.983000000000000207e-01
1.531055999999999973e+00 4.983000000000000207e-01
1.531055999999999973e+00 4.983000000000000207e-01
1.531055999999999973e+00 4.983000000000000207e-01
1.531055999999999973e+00 4.983000000000000207e-01
1.531055999999999973e+00 4.983000000000000207e-01
1.531055999999999973e+00 4.983000000000000207e-01
1.531055999999999973e+00 4.983000000000000207e-01
1.531055999999999973e+00 4.983000000000000207e-01
1.531055999999999973e+00 4.983000000000000207e-01
1.531055999999999973e+00 4.983000000000000207e-01
1.531055999999999973e+00 4.983000000000000207e-01
1.531055999999999973e+00 4.983000000000000207e-01
1.531055999999999973e+00 4.983000000000000207e-01
1.531055999999999973e+00 4.983000000000000207e-01
1.531055999999999973e+00 4.983000000000000207e-01
1.531055999999999973e+00 4.983000000000000207e-01
1.545522000000000062e+00 4.986320000000000197e-01
1.556341999999999892e+00 4.989640000000000186e-01
1.563139999999999974e+00 4.992960000000000176e-01
1.561633999999999967e+00 4.996280000000000165e-01
1.553809999999999913e+00 4.999609999999999888e-01
1.548934999999999951e+00 5.002929999999999877e-01
1.550877000000000061e+00 5.006249999999999867e-01
1.557682999999999929e+00 5.009569999999999856e-01
1.563890000000000002e+00 5.012889999999999846e-01
1.565290999999999988e+00 5.016209999999999836e-01
1.562230000000000008e+00 5.019529999999999825e-01
1.558546999999999905e+00 5.022849999999999815e-01
1.558073999999999959e+00 5.026180000000000092e-01
1.561722000000000055e+00 5.029500000000000082e-01
1.566624000000000017e+00 5.032820000000000071e-01
1.569355999999999973e+00 5.036140000000000061e-01
1.568694000000000033e+00 5.039460000000000051e-01
1.566507000000000094e+00 5.042780000000000040e-01
1.565487000000000073e+00 5.046100000000000030e-01
1.567120999999999986e+00 5.049420000000000019e-01
1.570491000000000081e+00 5.052750000000000297e-01
1.573385999999999951e+00 5.056070000000000286e-01
1.574237000000000108e+00 5.059390000000000276e-01
1.573380000000000001e+00 5.062710000000000266e-01
1.572499000000000091e+00 5.066030000000000255e-01
1.573142000000000040e+00 5.069350000000000245e-01
1.575342999999999938e+00 5.072670000000000234e-01
1.577862000000000098e+00 5.076000000000000512e-01
1.579363000000000072e+00 5.079320000000000501e-01
1.579512999999999945e+00 5.082640000000000491e-01
1.579142000000000046e+00 5.085960000000000480e-01
1.579412000000000038e+00 5.089280000000000470e-01
1.580802000000000040e+00 5.092600000000000460e-01
1.582753000000000076e+00 5.095920000000000449e-01
1.584387999999999908e+00 5.099240000000000439e-01
1.585172000000000025e+00 5.102569999999999606e-01
1.585398000000000085e+00 5.105889999999999596e-01
1.585725999999999969e+00 5.109209999999999585e-01
1.586643000000000026e+00 5.112529999999999575e-01
1.588062000000000085e+00 5.115849999999999564e-01
1.589504999999999946e+00 5.119169999999999554e-01
1.590611999999999915e+00 5.122489999999999544e-01
1.591296000000000044e+00 5.125809999999999533e-01
1.591830999999999996e+00 5.129139999999999810e-01
1.592567000000000066e+00 5.132459999999999800e-01
1.593652000000000069e+00 5.135779999999999790e-01
1.594934999999999992e+00 5.139099999999999779e-01
1.596108000000000082e+00 5.142419999999999769e-01
1.597013999999999934e+00 5.145739999999999759e-01
1.597720000000000029e+00 5.149059999999999748e-01
1.598457000000000017e+00 5.152379999999999738e-01
1.599396000000000040e+00 5.155710000000000015e-01
1.600524999999999975e+00 5.159030000000000005e-01
1.601645999999999903e+00 5.162349999999999994e-01
1.602653000000000105e+00 5.165669999999999984e-01
1.603509999999999991e+00 5.168989999999999974e-01
1.604330999999999952e+00 5.172309999999999963e-01
1.605221999999999927e+00 5.175629999999999953e-01
1.606230000000000047e+00 5.178949999999999942e-01
1.607288000000000050e+00 5.182280000000000220e-01
1.608305000000000096e+00 5.185600000000000209e-01
1.609240999999999921e+00 5.188920000000000199e-01
1.610128999999999921e+00 5.192240000000000189e-01
1.611029999999999962e+00 5.195560000000000178e-01
1.611985999999999919e+00 5.198880000000000168e-01
1.612991999999999981e+00 5.202200000000000157e-01
1.614006999999999969e+00 5.205520000000000147e-01
1.614989999999999926e+00 5.208840000000000137e-01
1.615919000000000105e+00 5.212170000000000414e-01
1.616830999999999907e+00 5.215490000000000403e-01
1.617771999999999988e+00 5.218810000000000393e-01
1.618746999999999936e+00 5.222130000000000383e-01
1.619742999999999933e+00 5.225450000000000372e-01
1.620730000000000004e+00 5.228770000000000362e-01
1.621690999999999994e+00 5.232090000000000352e-01
1.622644999999999893e+00 5.235419999999999519e-01
1.623583999999999916e+00 5.238739999999999508e-01
1.624533000000000005e+00 5.242059999999999498e-01
1.625498000000000109e+00 5.245379999999999487e-01
1.626492000000000049e+00 5.248699999999999477e-01
1.627477999999999980e+00 5.252019999999999467e-01
1.628454000000000068e+00 5.255339999999999456e-01
1.629410000000000025e+00 5.258659999999999446e-01
1.630360000000000031e+00 5.261980000000000546e-01
1.631321000000000021e+00 5.265309999999999713e-01
1.632306000000000035e+00 5.268629999999999702e-01
1.633297999999999917e+00 5.271949999999999692e-01
1.634276999999999980e+00 5.275269999999999682e-01
1.635237999999999969e+00 5.278589999999999671e-01
1.636190000000000033e+00 5.281909999999999661e-01
1.637154999999999916e+00 5.285229999999999650e-01
1.638136999999999954e+00 5.288559999999999928e-01
1.639124999999999943e+00 5.291879999999999917e-01
1.640104000000000006e+00 5.295199999999999907e-01
1.641080000000000094e+00 5.298519999999999897e-01
1.642044000000000059e+00 5.301839999999999886e-01
1.643011999999999917e+00 5.305159999999999876e-01
1.643988999999999923e+00 5.308479999999999865e-01
1.644972000000000101e+00 5.311799999999999855e-01
1.645947000000000049e+00 5.315130000000000132e-01
1.645947000000000049e+00 5.315130000000000132e-01
1.645947000000000049e+00 5.315130000000000132e-01
1.645947000000000049e+00 5.315130000000000132e-01
1.645947000000000049e+00 5.315130000000000132e-01
1.645947000000000049e+00 5.315130000000000132e-01
1.645947000000000049e+00 5.315130000000000132e-01
1.645947000000000049e+00 5.315130000000000132e-01
1.645947000000000049e+00 5.315130000000000132e-01
1.645947000000000049e+00 5.315130000000000132e-01
1.645947000000000049e+00 5.315130000000000132e-01
1.645947000000000049e+00 5.315130000000000132e-01
1.645947000000000049e+00 5.315130000000000132e-01
1.645947000000000049e+00 5.315130000000000132e-01
1.645947000000000049e+00 5.315130000000000132e-01
1.645947000000000049e+00 5.315130000000000132e-01
1.645947000000000049e+00 5.315130000000000132e-01
1.645947000000000049e+00 5.315130000000000132e-01
1.645947000000000049e+00 5.315130000000000132e-01
1.645947000000000049e+00 5.315130000000000132e-01
1.645947000000000049e+00 5.315130000000000132e-01
1.645947000000000049e+00 5.315130000000000132e-01
1.645947000000000049e+00 5.315130000000000132e-01
1.645947000000000049e+00 5.315130000000000132e-01
1.640689000000000064e+00 5.318450000000000122e-01
1.645715999999999957e+00 5.321770000000000111e-01
1.649202999999999975e+00 5.325090000000000101e-01
1.650789999999999980e+00 5.328410000000000091e-01
1.651075999999999988e+00 5.331740000000000368e-01
1.651014999999999899e+00 5.335060000000000358e-01
1.652260999999999980e+00 5.338380000000000347e-01
1.655003999999999920e+00 5.341700000000000337e-01
1.658190999999999971e+00 5.345029999999999504e-01
1.660684999999999967e+00 5.348349999999999493e-01
1.661987000000000103e+00 5.351669999999999483e-01
1.662538000000000071e+00 5.354989999999999473e-01
1.663405000000000022e+00 5.358319999999999750e-01
1.665221999999999980e+00 5.361639999999999739e-01
1.667796999999999974e+00 5.364959999999999729e-01
1.670371999999999968e+00 5.368279999999999719e-01
1.672317000000000053e+00 5.371609999999999996e-01
1.673542000000000085e+00 5.374929999999999986e-01
1.674542999999999893e+00 5.378249999999999975e-01
1.675926000000000027e+00 5.381569999999999965e-01
1.677947000000000077e+00 5.384900000000000242e-01
1.680320999999999954e+00 5.388220000000000232e-01
1.682498999999999967e+00 5.391540000000000221e-01
1.684202999999999895e+00 5.394860000000000211e-01
1.685513999999999957e+00 5.398190000000000488e-01
1.686849999999999961e+00 5.401510000000000478e-01
1.688525000000000054e+00 5.404830000000000467e-01
1.690584000000000087e+00 5.408159999999999634e-01
1.692722999999999978e+00 5.411479999999999624e-01
1.694647000000000014e+00 5.414799999999999613e-01
1.696245999999999921e+00 5.418119999999999603e-01
1.697702000000000044e+00 5.421439999999999593e-01
1.699265000000000025e+00 5.424769999999999870e-01
1.701082999999999901e+00 5.428089999999999860e-01
1.703071000000000002e+00 5.431409999999999849e-01
1.705028999999999906e+00 5.434740000000000126e-01
1.706804999999999906e+00 5.438060000000000116e-01
1.708439000000000041e+00 5.441380000000000106e-01
1.710050000000000070e+00 5.444700000000000095e-01
1.711765999999999899e+00 5.448020000000000085e-01
1.713594999999999979e+00 5.451350000000000362e-01
1.715492999999999935e+00 5.454670000000000352e-01
1.717362000000000055e+00 5.457990000000000341e-01
1.719141000000000030e+00 5.461319999999999508e-01
1.720839000000000008e+00 5.464639999999999498e-01
1.722556999999999894e+00 5.467959999999999487e-01
1.724342999999999959e+00 5.471279999999999477e-01
1.726191999999999949e+00 5.474599999999999467e-01
1.728031000000000095e+00 5.477929999999999744e-01
1.729851000000000028e+00 5.481249999999999734e-01
1.731632999999999978e+00 5.484569999999999723e-01
1.733405000000000085e+00 5.487900000000000000e-01
1.735195000000000043e+00 5.491219999999999990e-01
1.737006000000000050e+00 5.494539999999999980e-01
1.738842999999999916e+00 5.497859999999999969e-01
1.740701999999999972e+00 5.501190000000000246e-01
1.742536000000000085e+00 5.504510000000000236e-01
1.744351999999999903e+00 5.507830000000000226e-01
1.746132000000000017e+00 5.511150000000000215e-01
1.747932000000000041e+00 5.514480000000000492e-01
1.749762999999999957e+00 5.517800000000000482e-01
1.751617999999999897e+00 5.521120000000000472e-01
1.753474999999999895e+00 5.524440000000000461e-01
1.755319000000000074e+00 5.527760000000000451e-01
1.757177999999999907e+00 5.531089999999999618e-01
1.759006999999999987e+00 5.534409999999999608e-01
1.760815000000000019e+00 5.537729999999999597e-01
1.762628000000000084e+00 5.541049999999999587e-01
1.764455000000000107e+00 5.544379999999999864e-01
1.766300999999999899e+00 5.547699999999999854e-01
1.768169000000000102e+00 5.551019999999999843e-01
1.770016999999999951e+00 5.554350000000000120e-01
1.771840000000000082e+00 5.557670000000000110e-01
1.773678000000000088e+00 5.560990000000000100e-01
1.775525999999999938e+00 5.564310000000000089e-01
1.777395000000000058e+00 5.567640000000000366e-01
1.779277999999999915e+00 5.570960000000000356e-01
1.781157000000000101e+00 5.574280000000000346e-01
1.783018999999999910e+00 5.577600000000000335e-01
1.784869000000000039e+00 5.580920000000000325e-01
1.786721999999999921e+00 5.584249999999999492e-01
1.788581999999999894e+00 5.587569999999999482e-01
1.790458000000000105e+00 5.590889999999999471e-01
1.792345999999999995e+00 5.594209999999999461e-01
1.794222999999999901e+00 5.597539999999999738e-01
1.796091000000000104e+00 5.600859999999999728e-01
1.797957999999999945e+00 5.604179999999999717e-01
1.799830000000000041e+00 5.607509999999999994e-01
1.801711999999999980e+00 5.610829999999999984e-01
1.803609999999999935e+00 5.614149999999999974e-01
1.805506999999999973e+00 5.617469999999999963e-01
1.807403000000000093e+00 5.620800000000000241e-01
1.809287000000000090e+00 5.624120000000000230e-01
1.811172000000000004e+00 5.627440000000000220e-01
1.813047999999999993e+00 5.630760000000000209e-01
1.814951999999999899e+00 5.634080000000000199e-01
1.816896000000000067e+00 5.637410000000000476e-01
1.818823999999999996e+00 5.640730000000000466e-01
1.820734000000000075e+00 5.644050000000000455e-01
1.822615000000000096e+00 5.647379999999999622e-01
1.822615000000000096e+00 5.647379999999999622e-01
1.822615000000000096e+00 5.647379999999999622e-01
1.822615000000000096e+00 5.647379999999999622e-01
1.822615000000000096e+00 5.647379999999999622e-01
1.822615000000000096e+00 5.647379999999999622e-01
1.822615000000000096e+00 5.647379999999999622e-01
1.822615000000000096e+00 5.647379999999999622e-01
1.822615000000000096e+00 5.647379999999999622e-01
1.822615000000000096e+00 5.647379999999999622e-01
1.822615000000000096e+00 5.647379999999999622e-01
1.822615000000000096e+00 5.647379999999999622e-01
1.822615000000000096e+00 5.647379999999999622e-01
1.822615000000000096e+00 5.647379999999999622e-01
1.822615000000000096e+00 5.647379999999999622e-01
1.822615000000000096e+00 5.647379999999999622e-01
1.822615000000000096e+00 5.647379999999999622e-01
1.822615000000000096e+00 5.647379999999999622e-01
1.822615000000000096e+00 5.647379999999999622e-01
1.822615000000000096e+00 5.647379999999999622e-01
1.822615000000000096e+00 5.647379999999999622e-01
1.822615000000000096e+00 5.647379999999999622e-01
1.822615000000000096e+00 5.647379999999999622e-01
1.822615000000000096e+00 5.647379999999999622e-01
1.859250999999999987e+00 5.680589999999999806e-01
1.864729000000000081e+00 5.713799999999999990e-01
1.885180999999999996e+00 5.747010000000000174e-01
1.902824999999999989e+00 5.780220000000000358e-01
1.917942000000000036e+00 5.813439999999999719e-01
1.937186000000000075e+00 5.846649999999999903e-01
1.953872000000000053e+00 5.879860000000000086e-01
1.971726000000000090e+00 5.913070000000000270e-01
1.989970000000000017e+00 5.946289999999999631e-01
2.007970999999999950e+00 5.979499999999999815e-01
2.007970999999999950e+00 5.979499999999999815e-01
2.007970999999999950e+00 5.979499999999999815e-01
2.007970999999999950e+00 5.979499999999999815e-01
2.007970999999999950e+00 5.979499999999999815e-01
2.007970999999999950e+00 5.979499999999999815e-01
2.007970999999999950e+00 5.979499999999999815e-01
2.007970999999999950e+00 5.979499999999999815e-01
2.007970999999999950e+00 5.979499999999999815e-01
2.007970999999999950e+00 5.979499999999999815e-01
2.007970999999999950e+00 5.979499999999999815e-01
2.007970999999999950e+00 5.979499999999999815e-01
2.007970999999999950e+00 5.979499999999999815e-01
2.007970999999999950e+00 5.979499999999999815e-01
2.007970999999999950e+00 5.979499999999999815e-01
2.007970999999999950e+00 5.979499999999999815e-01
2.007970999999999950e+00 5.979499999999999815e-01
2.007970999999999950e+00 5.979499999999999815e-01
2.007970999999999950e+00 5.979499999999999815e-01
2.007970999999999950e+00 5.979499999999999815e-01
2.007970999999999950e+00 5.979499999999999815e-01
2.007970999999999950e+00 5.979499999999999815e-01
2.007970999999999950e+00 5.979499999999999815e-01
2.007970999999999950e+00 5.979499999999999815e-01
1.992911000000000099e+00 6.012720000000000287e-01
2.020872999999999919e+00 6.045949999999999935e-01
2.052102999999999788e+00 6.079179999999999584e-01
2.063311999999999813e+00 6.112400000000000055e-01
2.086584000000000216e+00 6.145629999999999704e-01
2.112706000000000195e+00 6.178850000000000176e-01
2.132867000000000068e+00 6.212069999999999537e-01
2.154669000000000167e+00 6.245300000000000296e-01
2.179298000000000179e+00 6.278519999999999657e-01
2.203670999999999935e+00 6.311750000000000416e-01
2.203670999999999935e+00 6.311750000000000416e-01
2.203670999999999935e+00 6.311750000000000416e-01
2.203670999999999935e+00 6.311750000000000416e-01
2.203670999999999935e+00 6.311750000000000416e-01
2.203670999999999935e+00 6.311750000000000416e-01
2.203670999999999935e+00 6.311750000000000416e-01
2.203670999999999935e+00 6.311750000000000416e-01
2.203670999999999935e+00 6.311750000000000416e-01
2.203670999999999935e+00 6.311750000000000416e-01
2.203670999999999935e+00 6.311750000000000416e-01
2.203670999999999935e+00 6.311750000000000416e-01
2.203670999999999935e+00 6.311750000000000416e-01
2.203670999999999935e+00 6.311750000000000416e-01
2.203670999999999935e+00 6.311750000000000416e-01
2.203670999999999935e+00 6.311750000000000416e-01
2.203670999999999935e+00 6.311750000000000416e-01
2.203670999999999935e+00 6.311750000000000416e-01
2.203670999999999935e+00 6.311750000000000416e-01
2.203670999999999935e+00 6.311750000000000416e-01
2.203670999999999935e+00 6.311750000000000416e-01
2.203670999999999935e+00 6.311750000000000416e-01
2.203670999999999935e+00 6.311750000000000416e-01
2.203670999999999935e+00 6.311750000000000416e-01
2.219924999999999926e+00 6.315070000000000405e-01
2.297188999999999925e+00 6.318390000000000395e-01
2.441923000000000066e+00 6.321719999999999562e-01
2.659107999999999805e+00 6.325039999999999552e-01
2.914906999999999915e+00 6.328359999999999541e-01
