0.000000000000000000e+00 0.000000000000000000e+00
-0.000000000000000000e+00 0.000000000000000000e+00
-0.000000000000000000e+00 0.000000000000000000e+00
-0.000000000000000000e+00 0.000000000000000000e+00
-0.000000000000000000e+00 0.000000000000000000e+00
-0.000000000000000000e+00 0.000000000000000000e+00
-0.000000000000000000e+00 0.000000000000000000e+00
-0.000000000000000000e+00 0.000000000000000000e+00
-0.000000000000000000e+00 0.000000000000000000e+00
-0.000000000000000000e+00 0.000000000000000000e+00
-0.000000000000000000e+00 0.000000000000000000e+00
-0.000000000000000000e+00 0.000000000000000000e+00
-0.000000000000000000e+00 0.000000000000000000e+00
-0.000000000000000000e+00 0.000000000000000000e+00
-0.000000000000000000e+00 0.000000000000000000e+00
-0.000000000000000000e+00 0.000000000000000000e+00
-0.000000000000000000e+00 0.000000000000000000e+00
-0.000000000000000000e+00 0.000000000000000000e+00
-0.000000000000000000e+00 0.000000000000000000e+00
-0.000000000000000000e+00 0.000000000000000000e+00
-0.000000000000000000e+00 0.000000000000000000e+00
-0.000000000000000000e+00 0.000000000000000000e+00
-0.000000000000000000e+00 0.000000000000000000e+00
6.856199999999999795e-02 6.644999999999999865e-03
1.041689999999999977e-01 1.328999999999999973e-02
1.340550000000000075e-01 1.993500000000000133e-02
1.610929999999999862e-01 2.657999999999999946e-02
1.859419999999999962e-01 3.322499999999999759e-02
1.859419999999999962e-01 3.322499999999999759e-02
1.859419999999999962e-01 3.322499999999999759e-02
1.859419999999999962e-01 3.322499999999999759e-02
1.859419999999999962e-01 3.322499999999999759e-02
1.859419999999999962e-01 3.322499999999999759e-02
1.859419999999999962e-01 3.322499999999999759e-02
1.859419999999999962e-01 3.322499999999999759e-02
1.859419999999999962e-01 3.322499999999999759e-02
1.859419999999999962e-01 3.322499999999999759e-02
1.859419999999999962e-01 3.322499999999999759e-02
1.859419999999999962e-01 3.322499999999999759e-02
1.859419999999999962e-01 3.322499999999999759e-02
1.859419999999999962e-01 3.322499999999999759e-02
1.859419999999999962e-01 3.322499999999999759e-02
1.859419999999999962e-01 3.322499999999999759e-02
1.859419999999999962e-01 3.322499999999999759e-02
1.859419999999999962e-01 3.322499999999999759e-02
1.859419999999999962e-01 3.322499999999999759e-02
1.859419999999999962e-01 3.322499999999999759e-02
1.859419999999999962e-01 3.322499999999999759e-02
1.859419999999999962e-01 3.322499999999999759e-02
1.859419999999999962e-01 3.322499999999999759e-02
1.859419999999999962e-01 3.322499999999999759e-02
2.117719999999999880e-01 3.986699999999999966e-02
2.369149999999999867e-01 4.651000000000000273e-02
2.611169999999999880e-01 5.315299999999999886e-02
2.843609999999999749e-01 5.979500000000000093e-02
3.068429999999999769e-01 6.643799999999999706e-02
3.068429999999999769e-01 6.643799999999999706e-02
3.068429999999999769e-01 6.643799999999999706e-02
3.068429999999999769e-01 6.643799999999999706e-02
3.068429999999999769e-01 6.643799999999999706e-02
3.068429999999999769e-01 6.643799999999999706e-02
3.068429999999999769e-01 6.643799999999999706e-02
3.068429999999999769e-01 6.643799999999999706e-02
3.068429999999999769e-01 6.643799999999999706e-02
3.068429999999999769e-01 6.643799999999999706e-02
3.068429999999999769e-01 6.643799999999999706e-02
3.068429999999999769e-01 6.643799999999999706e-02
3.068429999999999769e-01 6.643799999999999706e-02
3.068429999999999769e-01 6.643799999999999706e-02
3.068429999999999769e-01 6.643799999999999706e-02
3.068429999999999769e-01 6.643799999999999706e-02
3.068429999999999769e-01 6.643799999999999706e-02
3.068429999999999769e-01 6.643799999999999706e-02
3.068429999999999769e-01 6.643799999999999706e-02
3.068429999999999769e-01 6.643799999999999706e-02
3.068429999999999769e-01 6.643799999999999706e-02
3.068429999999999769e-01 6.643799999999999706e-02
3.068429999999999769e-01 6.643799999999999706e-02
3.068429999999999769e-01 6.643799999999999706e-02
3.237169999999999770e-01 7.308199999999999419e-02
3.452279999999999793e-01 7.972700000000000620e-02
3.662830000000000252e-01 8.637300000000000533e-02
3.869580000000000242e-01 9.301700000000000246e-02
4.072700000000000209e-01 9.966300000000000159e-02
4.072700000000000209e-01 9.966300000000000159e-02
4.072700000000000209e-01 9.966300000000000159e-02
4.072700000000000209e-01 9.966300000000000159e-02
4.072700000000000209e-01 9.966300000000000159e-02
4.072700000000000209e-01 9.966300000000000159e-02
4.072700000000000209e-01 9.966300000000000159e-02
4.072700000000000209e-01 9.966300000000000159e-02
4.072700000000000209e-01 9.966300000000000159e-02
4.072700000000000209e-01 9.966300000000000159e-02
4.072700000000000209e-01 9.966300000000000159e-02
4.072700000000000209e-01 9.966300000000000159e-02
4.072700000000000209e-01 9.966300000000000159e-02
4.072700000000000209e-01 9.966300000000000159e-02
4.072700000000000209e-01 9.966300000000000159e-02
4.072700000000000209e-01 9.966300000000000159e-02
4.072700000000000209e-01 9.966300000000000159e-02
4.072700000000000209e-01 9.966300000000000159e-02
4.072700000000000209e-01 9.966300000000000159e-02
4.072700000000000209e-01 9.966300000000000159e-02
4.072700000000000209e-01 9.966300000000000159e-02
4.072700000000000209e-01 9.966300000000000159e-02
4.072700000000000209e-01 9.966300000000000159e-02
4.072700000000000209e-01 9.966300000000000159e-02
4.314830000000000054e-01 1.063049999999999967e-01
4.513039999999999830e-01 1.129470000000000057e-01
4.708939999999999793e-01 1.195900000000000019e-01
4.903919999999999946e-01 1.262320000000000109e-01
5.094899999999999984e-01 1.328749999999999931e-01
5.094899999999999984e-01 1.328749999999999931e-01
5.094899999999999984e-01 1.328749999999999931e-01
5.094899999999999984e-01 1.328749999999999931e-01
5.094899999999999984e-01 1.328749999999999931e-01
5.094899999999999984e-01 1.328749999999999931e-01
5.094899999999999984e-01 1.328749999999999931e-01
5.094899999999999984e-01 1.328749999999999931e-01
5.094899999999999984e-01 1.328749999999999931e-01
5.094899999999999984e-01 1.328749999999999931e-01
5.094899999999999984e-01 1.328749999999999931e-01
5.094899999999999984e-01 1.328749999999999931e-01
5.094899999999999984e-01 1.328749999999999931e-01
5.094899999999999984e-01 1.328749999999999931e-01
5.094899999999999984e-01 1.328749999999999931e-01
5.094899999999999984e-01 1.328749999999999931e-01
5.094899999999999984e-01 1.328749999999999931e-01
5.094899999999999984e-01 1.328749999999999931e-01
5.094899999999999984e-01 1.328749999999999931e-01
5.094899999999999984e-01 1.328749999999999931e-01
5.094899999999999984e-01 1.328749999999999931e-01
5.094899999999999984e-01 1.328749999999999931e-01
5.094899999999999984e-01 1.328749999999999931e-01
5.094899999999999984e-01 1.328749999999999931e-01
5.242269999999999985e-01 1.395200000000000051e-01
5.451399999999999579e-01 1.461649999999999894e-01
5.658790000000000209e-01 1.528100000000000014e-01
5.863880000000000203e-01 1.594550000000000134e-01
6.068930000000000158e-01 1.660999999999999976e-01
6.068930000000000158e-01 1.660999999999999976e-01
6.068930000000000158e-01 1.660999999999999976e-01
6.068930000000000158e-01 1.660999999999999976e-01
6.068930000000000158e-01 1.660999999999999976e-01
6.068930000000000158e-01 1.660999999999999976e-01
6.068930000000000158e-01 1.660999999999999976e-01
6.068930000000000158e-01 1.660999999999999976e-01
6.068930000000000158e-01 1.660999999999999976e-01
6.068930000000000158e-01 1.660999999999999976e-01
6.068930000000000158e-01 1.660999999999999976e-01
6.068930000000000158e-01 1.660999999999999976e-01
6.068930000000000158e-01 1.660999999999999976e-01
6.068930000000000158e-01 1.660999999999999976e-01
6.068930000000000158e-01 1.660999999999999976e-01
6.068930000000000158e-01 1.660999999999999976e-01
6.068930000000000158e-01 1.660999999999999976e-01
6.068930000000000158e-01 1.660999999999999976e-01
6.068930000000000158e-01 1.660999999999999976e-01
6.068930000000000158e-01 1.660999999999999976e-01
6.068930000000000158e-01 1.660999999999999976e-01
6.068930000000000158e-01 1.660999999999999976e-01
6.068930000000000158e-01 1.660999999999999976e-01
6.068930000000000158e-01 1.660999999999999976e-01
6.410000000000000142e-01 1.727420000000000067e-01
6.671909999999999785e-01 1.793849999999999889e-01
6.936849999999999961e-01 1.860279999999999989e-01
7.201490000000000391e-01 1.926700000000000079e-01
7.465239999999999654e-01 1.993129999999999902e-01
7.465239999999999654e-01 1.993129999999999902e-01
7.465239999999999654e-01 1.993129999999999902e-01
7.465239999999999654e-01 1.993129999999999902e-01
7.465239999999999654e-01 1.993129999999999902e-01
7.465239999999999654e-01 1.993129999999999902e-01
7.465239999999999654e-01 1.993129999999999902e-01
7.465239999999999654e-01 1.993129999999999902e-01
7.465239999999999654e-01 1.993129999999999902e-01
7.465239999999999654e-01 1.993129999999999902e-01
7.465239999999999654e-01 1.993129999999999902e-01
7.465239999999999654e-01 1.993129999999999902e-01
7.465239999999999654e-01 1.993129999999999902e-01
7.465239999999999654e-01 1.993129999999999902e-01
7.465239999999999654e-01 1.993129999999999902e-01
7.465239999999999654e-01 1.993129999999999902e-01
7.465239999999999654e-01 1.993129999999999902e-01
7.465239999999999654e-01 1.993129999999999902e-01
7.465239999999999654e-01 1.993129999999999902e-01
7.465239999999999654e-01 1.993129999999999902e-01
7.465239999999999654e-01 1.993129999999999902e-01
7.465239999999999654e-01 1.993129999999999902e-01
7.465239999999999654e-01 1.993129999999999902e-01
7.465239999999999654e-01 1.993129999999999902e-01
7.623510000000000009e-01 2.059570000000000012e-01
7.775279999999999969e-01 2.126020000000000132e-01
7.924759999999999582e-01 2.192479999999999984e-01
8.074529999999999763e-01 2.258920000000000095e-01
8.223080000000000389e-01 2.325379999999999947e-01
8.223080000000000389e-01 2.325379999999999947e-01
8.223080000000000389e-01 2.325379999999999947e-01
8.223080000000000389e-01 2.325379999999999947e-01
8.223080000000000389e-01 2.325379999999999947e-01
8.223080000000000389e-01 2.325379999999999947e-01
8.223080000000000389e-01 2.325379999999999947e-01
8.223080000000000389e-01 2.325379999999999947e-01
8.223080000000000389e-01 2.325379999999999947e-01
8.223080000000000389e-01 2.325379999999999947e-01
8.223080000000000389e-01 2.325379999999999947e-01
8.223080000000000389e-01 2.325379999999999947e-01
8.223080000000000389e-01 2.325379999999999947e-01
8.223080000000000389e-01 2.325379999999999947e-01
8.223080000000000389e-01 2.325379999999999947e-01
8.223080000000000389e-01 2.325379999999999947e-01
8.223080000000000389e-01 2.325379999999999947e-01
8.223080000000000389e-01 2.325379999999999947e-01
8.223080000000000389e-01 2.325379999999999947e-01
8.223080000000000389e-01 2.325379999999999947e-01
8.223080000000000389e-01 2.325379999999999947e-01
8.223080000000000389e-01 2.325379999999999947e-01
8.223080000000000389e-01 2.325379999999999947e-01
8.223080000000000389e-01 2.325379999999999947e-01
8.405909999999999771e-01 2.391820000000000057e-01
8.647059999999999746e-01 2.458269999999999900e-01
8.889660000000000339e-01 2.524730000000000030e-01
9.132219999999999782e-01 2.591169999999999862e-01
9.375059999999999505e-01 2.657630000000000270e-01
9.375059999999999505e-01 2.657630000000000270e-01
9.375059999999999505e-01 2.657630000000000270e-01
9.375059999999999505e-01 2.657630000000000270e-01
9.375059999999999505e-01 2.657630000000000270e-01
9.375059999999999505e-01 2.657630000000000270e-01
9.375059999999999505e-01 2.657630000000000270e-01
9.375059999999999505e-01 2.657630000000000270e-01
9.375059999999999505e-01 2.657630000000000270e-01
9.375059999999999505e-01 2.657630000000000270e-01
9.375059999999999505e-01 2.657630000000000270e-01
9.375059999999999505e-01 2.657630000000000270e-01
9.375059999999999505e-01 2.657630000000000270e-01
9.375059999999999505e-01 2.657630000000000270e-01
9.375059999999999505e-01 2.657630000000000270e-01
9.375059999999999505e-01 2.657630000000000270e-01
9.375059999999999505e-01 2.657630000000000270e-01
9.375059999999999505e-01 2.657630000000000270e-01
9.375059999999999505e-01 2.657630000000000270e-01
9.375059999999999505e-01 2.657630000000000270e-01
9.375059999999999505e-01 2.657630000000000270e-01
9.375059999999999505e-01 2.657630000000000270e-01
9.375059999999999505e-01 2.657630000000000270e-01
9.375059999999999505e-01 2.657630000000000270e-01
9.633500000000000396e-01 2.724050000000000082e-01
9.841990000000000460e-01 2.790469999999999895e-01
1.005036999999999958e+00 2.856899999999999995e-01
1.026135999999999937e+00 2.923319999999999808e-01
1.047323999999999922e+00 2.989749999999999908e-01
1.047323999999999922e+00 2.989749999999999908e-01
1.047323999999999922e+00 2.989749999999999908e-01
1.047323999999999922e+00 2.989749999999999908e-01
1.047323999999999922e+00 2.989749999999999908e-01
1.047323999999999922e+00 2.989749999999999908e-01
1.047323999999999922e+00 2.989749999999999908e-01
1.047323999999999922e+00 2.989749999999999908e-01
1.047323999999999922e+00 2.989749999999999908e-01
1.047323999999999922e+00 2.989749999999999908e-01
1.047323999999999922e+00 2.989749999999999908e-01
1.047323999999999922e+00 2.989749999999999908e-01
1.047323999999999922e+00 2.989749999999999908e-01
1.047323999999999922e+00 2.989749999999999908e-01
1.047323999999999922e+00 2.989749999999999908e-01
1.047323999999999922e+00 2.989749999999999908e-01
1.047323999999999922e+00 2.989749999999999908e-01
1.047323999999999922e+00 2.989749999999999908e-01
1.047323999999999922e+00 2.989749999999999908e-01
1.047323999999999922e+00 2.989749999999999908e-01
1.047323999999999922e+00 2.989749999999999908e-01
1.047323999999999922e+00 2.989749999999999908e-01
1.047323999999999922e+00 2.989749999999999908e-01
1.047323999999999922e+00 2.989749999999999908e-01
1.079104999999999981e+00 3.056200000000000028e-01
1.116778000000000048e+00 3.122650000000000148e-01
1.155392999999999892e+00 3.189100000000000268e-01
1.194874999999999909e+00 3.255549999999999833e-01
1.235462999999999978e+00 3.321999999999999953e-01
1.235462999999999978e+00 3.321999999999999953e-01
1.235462999999999978e+00 3.321999999999999953e-01
1.235462999999999978e+00 3.321999999999999953e-01
1.235462999999999978e+00 3.321999999999999953e-01
1.235462999999999978e+00 3.321999999999999953e-01
1.235462999999999978e+00 3.321999999999999953e-01
1.235462999999999978e+00 3.321999999999999953e-01
1.235462999999999978e+00 3.321999999999999953e-01
1.235462999999999978e+00 3.321999999999999953e-01
1.235462999999999978e+00 3.321999999999999953e-01
1.235462999999999978e+00 3.321999999999999953e-01
1.235462999999999978e+00 3.321999999999999953e-01
1.235462999999999978e+00 3.321999999999999953e-01
1.235462999999999978e+00 3.321999999999999953e-01
1.235462999999999978e+00 3.321999999999999953e-01
1.235462999999999978e+00 3.321999999999999953e-01
1.235462999999999978e+00 3.321999999999999953e-01
1.235462999999999978e+00 3.321999999999999953e-01
1.235462999999999978e+00 3.321999999999999953e-01
1.235462999999999978e+00 3.321999999999999953e-01
1.235462999999999978e+00 3.321999999999999953e-01
1.235462999999999978e+00 3.321999999999999953e-01
1.235462999999999978e+00 3.321999999999999953e-01
1.234898000000000051e+00 3.325319999999999943e-01
1.232644999999999991e+00 3.328639999999999932e-01
1.231484999999999941e+00 3.331959999999999922e-01
1.232966999999999924e+00 3.335279999999999911e-01
1.237039000000000000e+00 3.338610000000000189e-01
1.241535999999999973e+00 3.341930000000000178e-01
1.244405999999999901e+00 3.345250000000000168e-01
1.245195000000000052e+00 3.348570000000000157e-01
1.244642000000000026e+00 3.351890000000000147e-01
1.244523000000000046e+00 3.355210000000000137e-01
1.245921999999999974e+00 3.358530000000000126e-01
1.248831000000000024e+00 3.361850000000000116e-01
1.252116999999999924e+00 3.365179999999999838e-01
1.254650999999999961e+00 3.368499999999999828e-01
1.255911000000000000e+00 3.371819999999999817e-01
1.256383000000000028e+00 3.375139999999999807e-01
1.256992000000000109e+00 3.378459999999999797e-01
1.258416999999999897e+00 3.381779999999999786e-01
1.260663000000000089e+00 3.385099999999999776e-01
1.263260999999999967e+00 3.388419999999999765e-01
1.265490000000000004e+00 3.391750000000000043e-01
1.267052999999999985e+00 3.395070000000000032e-01
1.268105999999999955e+00 3.398390000000000022e-01
1.269157000000000091e+00 3.401710000000000012e-01
1.270588999999999968e+00 3.405030000000000001e-01
1.272543999999999897e+00 3.408349999999999991e-01
1.274721999999999911e+00 3.411669999999999980e-01
1.276750000000000052e+00 3.415000000000000258e-01
1.278432999999999931e+00 3.418320000000000247e-01
1.279798999999999909e+00 3.421640000000000237e-01
1.281123000000000012e+00 3.424960000000000226e-01
1.282645000000000035e+00 3.428280000000000216e-01
1.284437999999999969e+00 3.431600000000000206e-01
1.286400999999999906e+00 3.434920000000000195e-01
1.288300999999999918e+00 3.438240000000000185e-01
1.290027999999999953e+00 3.441569999999999907e-01
1.291579999999999950e+00 3.444889999999999897e-01
1.293114000000000097e+00 3.448209999999999886e-01
1.294696000000000069e+00 3.451529999999999876e-01
1.296402000000000054e+00 3.454849999999999866e-01
1.298203999999999914e+00 3.458169999999999855e-01
1.300011999999999945e+00 3.461489999999999845e-01
1.301768999999999954e+00 3.464809999999999834e-01
1.303458999999999923e+00 3.468140000000000112e-01
1.305099000000000009e+00 3.471460000000000101e-01
1.306761999999999979e+00 3.474780000000000091e-01
1.308451999999999948e+00 3.478100000000000080e-01
1.310181000000000040e+00 3.481420000000000070e-01
1.311951000000000089e+00 3.484740000000000060e-01
1.313716000000000106e+00 3.488060000000000049e-01
1.315441000000000082e+00 3.491380000000000039e-01
1.317128999999999994e+00 3.494709999999999761e-01
1.318807999999999980e+00 3.498029999999999751e-01
1.320529999999999982e+00 3.501349999999999740e-01
1.322278999999999982e+00 3.504669999999999730e-01
1.324049000000000031e+00 3.507990000000000275e-01
1.325814000000000048e+00 3.511310000000000264e-01
1.327544000000000057e+00 3.514630000000000254e-01
1.329258000000000051e+00 3.517950000000000244e-01
1.330989999999999895e+00 3.521279999999999966e-01
1.332724000000000020e+00 3.524599999999999955e-01
1.334486999999999979e+00 3.527919999999999945e-01
1.336251999999999995e+00 3.531239999999999934e-01
1.338019000000000069e+00 3.534559999999999924e-01
1.339811000000000085e+00 3.537879999999999914e-01
1.341580999999999912e+00 3.541199999999999903e-01
1.343358999999999970e+00 3.544519999999999893e-01
1.345115000000000061e+00 3.547839999999999883e-01
1.346848999999999963e+00 3.551170000000000160e-01
1.348584000000000005e+00 3.554490000000000149e-01
1.350335000000000063e+00 3.557810000000000139e-01
1.352119999999999989e+00 3.561130000000000129e-01
1.353920999999999930e+00 3.564450000000000118e-01
1.355711000000000110e+00 3.567770000000000108e-01
1.357477999999999962e+00 3.571090000000000098e-01
1.359243999999999897e+00 3.574419999999999820e-01
1.361013999999999946e+00 3.577739999999999809e-01
1.362810000000000077e+00 3.581059999999999799e-01
1.364608000000000043e+00 3.584379999999999789e-01
1.366398000000000001e+00 3.587699999999999778e-01
1.368198000000000025e+00 3.591019999999999768e-01
1.369990000000000041e+00 3.594339999999999757e-01
1.371777999999999942e+00 3.597659999999999747e-01
1.373574999999999990e+00 3.600979999999999737e-01
1.375369999999999981e+00 3.604310000000000014e-01
1.377167000000000030e+00 3.607630000000000003e-01
1.378968999999999889e+00 3.610949999999999993e-01
1.380770000000000053e+00 3.614269999999999983e-01
1.382581999999999978e+00 3.617589999999999972e-01
1.384397000000000100e+00 3.620909999999999962e-01
1.386185000000000000e+00 3.624229999999999952e-01
1.387990000000000057e+00 3.627560000000000229e-01
1.389799999999999924e+00 3.630880000000000218e-01
1.391634999999999955e+00 3.634200000000000208e-01
1.393469999999999986e+00 3.637520000000000198e-01
1.395304000000000100e+00 3.640840000000000187e-01
1.397127000000000008e+00 3.644160000000000177e-01
1.398943999999999965e+00 3.647480000000000167e-01
1.400752999999999915e+00 3.650800000000000156e-01
1.402582999999999913e+00 3.654129999999999878e-01
1.402582999999999913e+00 3.654129999999999878e-01
1.402582999999999913e+00 3.654129999999999878e-01
1.402582999999999913e+00 3.654129999999999878e-01
1.402582999999999913e+00 3.654129999999999878e-01
1.402582999999999913e+00 3.654129999999999878e-01
1.402582999999999913e+00 3.654129999999999878e-01
1.402582999999999913e+00 3.654129999999999878e-01
1.402582999999999913e+00 3.654129999999999878e-01
1.402582999999999913e+00 3.654129999999999878e-01
1.402582999999999913e+00 3.654129999999999878e-01
1.402582999999999913e+00 3.654129999999999878e-01
1.402582999999999913e+00 3.654129999999999878e-01
1.402582999999999913e+00 3.654129999999999878e-01
1.402582999999999913e+00 3.654129999999999878e-01
1.402582999999999913e+00 3.654129999999999878e-01
1.402582999999999913e+00 3.654129999999999878e-01
1.402582999999999913e+00 3.654129999999999878e-01
1.402582999999999913e+00 3.654129999999999878e-01
1.402582999999999913e+00 3.654129999999999878e-01
1.402582999999999913e+00 3.654129999999999878e-01
1.402582999999999913e+00 3.654129999999999878e-01
1.402582999999999913e+00 3.654129999999999878e-01
1.402582999999999913e+00 3.654129999999999878e-01
1.419891999999999932e+00 3.687349999999999794e-01
1.441488000000000103e+00 3.720570000000000266e-01
1.464050999999999991e+00 3.753799999999999915e-01
1.485684000000000005e+00 3.787019999999999831e-01
1.508005999999999958e+00 3.820250000000000035e-01
1.530826999999999938e+00 3.853480000000000238e-01
1.553930999999999951e+00 3.886700000000000155e-01
1.577547999999999950e+00 3.919920000000000071e-01
1.601455999999999991e+00 3.953150000000000275e-01
1.625683999999999907e+00 3.986379999999999924e-01
1.625683999999999907e+00 3.986379999999999924e-01
1.625683999999999907e+00 3.986379999999999924e-01
1.625683999999999907e+00 3.986379999999999924e-01
1.625683999999999907e+00 3.986379999999999924e-01
1.625683999999999907e+00 3.986379999999999924e-01
1.625683999999999907e+00 3.986379999999999924e-01
1.625683999999999907e+00 3.986379999999999924e-01
1.625683999999999907e+00 3.986379999999999924e-01
1.625683999999999907e+00 3.986379999999999924e-01
1.625683999999999907e+00 3.986379999999999924e-01
1.625683999999999907e+00 3.986379999999999924e-01
1.625683999999999907e+00 3.986379999999999924e-01
1.625683999999999907e+00 3.986379999999999924e-01
1.625683999999999907e+00 3.986379999999999924e-01
1.625683999999999907e+00 3.986379999999999924e-01
1.625683999999999907e+00 3.986379999999999924e-01
1.625683999999999907e+00 3.986379999999999924e-01
1.625683999999999907e+00 3.986379999999999924e-01
1.625683999999999907e+00 3.986379999999999924e-01
1.625683999999999907e+00 3.986379999999999924e-01
1.625683999999999907e+00 3.986379999999999924e-01
1.625683999999999907e+00 3.986379999999999924e-01
1.625683999999999907e+00 3.986379999999999924e-01
1.619104000000000099e+00 3.989699999999999913e-01
1.606081000000000092e+00 3.993019999999999903e-01
1.593460000000000099e+00 3.996339999999999892e-01
1.588851000000000013e+00 3.999659999999999882e-01
1.596881999999999913e+00 4.002990000000000159e-01
1.612368000000000023e+00 4.006310000000000149e-01
1.627949000000000090e+00 4.009630000000000138e-01
1.636973999999999929e+00 4.012950000000000128e-01
1.636158999999999919e+00 4.016279999999999850e-01
1.627949000000000090e+00 4.019599999999999840e-01
1.618500000000000050e+00 4.022919999999999829e-01
1.613965000000000094e+00 4.026239999999999819e-01
1.617860000000000076e+00 4.029570000000000096e-01
1.628716999999999970e+00 4.032890000000000086e-01
1.641277000000000097e+00 4.036210000000000075e-01
1.650516000000000094e+00 4.039530000000000065e-01
1.652918000000000109e+00 4.042859999999999787e-01
1.649048000000000069e+00 4.046179999999999777e-01
1.642605000000000093e+00 4.049499999999999766e-01
1.638336000000000015e+00 4.052819999999999756e-01
1.639717000000000091e+00 4.056150000000000033e-01
1.646675000000000111e+00 4.059470000000000023e-01
1.656552999999999942e+00 4.062790000000000012e-01
1.665200999999999931e+00 4.066110000000000002e-01
1.669767999999999919e+00 4.069439999999999724e-01
1.669397999999999938e+00 4.072760000000000269e-01
1.665945999999999927e+00 4.076080000000000259e-01
1.662622000000000044e+00 4.079409999999999981e-01
1.662271999999999972e+00 4.082729999999999970e-01
1.666203000000000101e+00 4.086049999999999960e-01
1.673394000000000048e+00 4.089369999999999949e-01
1.681219999999999937e+00 4.092689999999999939e-01
1.687030999999999947e+00 4.096020000000000216e-01
1.689426000000000094e+00 4.099340000000000206e-01
1.688576999999999995e+00 4.102660000000000196e-01
1.686442999999999914e+00 4.105989999999999918e-01
1.685362999999999944e+00 4.109309999999999907e-01
1.687157999999999936e+00 4.112629999999999897e-01
1.691886999999999919e+00 4.115949999999999886e-01
1.698382999999999976e+00 4.119269999999999876e-01
1.704536000000000051e+00 4.122600000000000153e-01
1.708679999999999977e+00 4.125920000000000143e-01
1.710178999999999894e+00 4.129240000000000133e-01
1.709726999999999997e+00 4.132569999999999855e-01
1.708931999999999896e+00 4.135889999999999844e-01
1.709443999999999964e+00 4.139209999999999834e-01
1.712201000000000084e+00 4.142529999999999824e-01
1.717025000000000023e+00 4.145849999999999813e-01
1.722633000000000081e+00 4.149180000000000090e-01
1.727619999999999933e+00 4.152500000000000080e-01
1.730957999999999997e+00 4.155820000000000070e-01
1.732396000000000047e+00 4.159149999999999792e-01
1.732666999999999957e+00 4.162469999999999781e-01
1.732928000000000024e+00 4.165789999999999771e-01
1.734363000000000099e+00 4.169109999999999761e-01
1.737486000000000086e+00 4.172440000000000038e-01
1.741970000000000018e+00 4.175760000000000027e-01
1.746898999999999980e+00 4.179080000000000017e-01
1.751258999999999899e+00 4.182400000000000007e-01
1.754359000000000002e+00 4.185729999999999729e-01
1.756105999999999945e+00 4.189050000000000273e-01
1.757012000000000018e+00 4.192370000000000263e-01
1.757983999999999991e+00 4.195690000000000253e-01
1.759824000000000055e+00 4.199010000000000242e-01
1.762930000000000108e+00 4.202339999999999964e-01
1.767098999999999975e+00 4.205659999999999954e-01
1.771665000000000045e+00 4.208979999999999944e-01
1.775687000000000015e+00 4.212299999999999933e-01
1.778744000000000103e+00 4.215630000000000210e-01
1.780767999999999907e+00 4.218950000000000200e-01
1.782153000000000098e+00 4.222270000000000190e-01
1.783619999999999983e+00 4.225599999999999912e-01
1.785725000000000007e+00 4.228919999999999901e-01
1.788769999999999971e+00 4.232239999999999891e-01
1.792661999999999978e+00 4.235559999999999881e-01
1.796785000000000077e+00 4.238890000000000158e-01
1.800629999999999953e+00 4.242210000000000147e-01
1.803797000000000095e+00 4.245530000000000137e-01
1.806249999999999911e+00 4.248850000000000127e-01
1.808194000000000079e+00 4.252170000000000116e-01
1.810105000000000075e+00 4.255499999999999838e-01
1.812405000000000044e+00 4.258819999999999828e-01
1.815364999999999895e+00 4.262139999999999818e-01
1.818929999999999936e+00 4.265459999999999807e-01
1.822783000000000042e+00 4.268790000000000084e-01
1.826546000000000003e+00 4.272110000000000074e-01
1.829870000000000108e+00 4.275430000000000064e-01
1.832670000000000021e+00 4.278759999999999786e-01
1.835053999999999963e+00 4.282079999999999775e-01
1.837458000000000036e+00 4.285399999999999765e-01
1.840033999999999947e+00 4.288719999999999755e-01
1.842970999999999915e+00 4.292050000000000032e-01
1.846289000000000069e+00 4.295370000000000021e-01
1.849871000000000043e+00 4.298690000000000011e-01
1.853499000000000008e+00 4.302010000000000001e-01
1.856992999999999894e+00 4.305329999999999990e-01
1.860212999999999894e+00 4.308660000000000267e-01
1.863151000000000002e+00 4.311980000000000257e-01
1.865874999999999950e+00 4.315300000000000247e-01
1.868576000000000015e+00 4.318629999999999969e-01
1.868576000000000015e+00 4.318629999999999969e-01
1.868576000000000015e+00 4.318629999999999969e-01
1.868576000000000015e+00 4.318629999999999969e-01
1.868576000000000015e+00 4.318629999999999969e-01
1.868576000000000015e+00 4.318629999999999969e-01
1.868576000000000015e+00 4.318629999999999969e-01
1.868576000000000015e+00 4.318629999999999969e-01
1.868576000000000015e+00 4.318629999999999969e-01
1.868576000000000015e+00 4.318629999999999969e-01
1.868576000000000015e+00 4.318629999999999969e-01
1.868576000000000015e+00 4.318629999999999969e-01
1.868576000000000015e+00 4.318629999999999969e-01
1.868576000000000015e+00 4.318629999999999969e-01
1.868576000000000015e+00 4.318629999999999969e-01
1.868576000000000015e+00 4.318629999999999969e-01
1.868576000000000015e+00 4.318629999999999969e-01
1.868576000000000015e+00 4.318629999999999969e-01
1.868576000000000015e+00 4.318629999999999969e-01
1.868576000000000015e+00 4.318629999999999969e-01
1.868576000000000015e+00 4.318629999999999969e-01
1.868576000000000015e+00 4.318629999999999969e-01
1.868576000000000015e+00 4.318629999999999969e-01
1.868576000000000015e+00 4.318629999999999969e-01
1.910439999999999916e+00 4.351840000000000153e-01
1.953097000000000083e+00 4.385049999999999781e-01
1.997147999999999923e+00 4.418259999999999965e-01
2.045523999999999898e+00 4.451470000000000149e-01
2.099199000000000037e+00 4.484690000000000065e-01
2.154652000000000012e+00 4.517900000000000249e-01
2.207339000000000162e+00 4.551109999999999878e-01
2.258948999999999874e+00 4.584320000000000062e-01
2.329830999999999985e+00 4.617539999999999978e-01
2.424393999999999938e+00 4.650750000000000162e-01
2.424393999999999938e+00 4.650750000000000162e-01
2.424393999999999938e+00 4.650750000000000162e-01
2.424393999999999938e+00 4.650750000000000162e-01
2.424393999999999938e+00 4.650750000000000162e-01
2.424393999999999938e+00 4.650750000000000162e-01
2.424393999999999938e+00 4.650750000000000162e-01
2.424393999999999938e+00 4.650750000000000162e-01
2.424393999999999938e+00 4.650750000000000162e-01
2.424393999999999938e+00 4.650750000000000162e-01
2.424393999999999938e+00 4.650750000000000162e-01
2.424393999999999938e+00 4.650750000000000162e-01
2.424393999999999938e+00 4.650750000000000162e-01
2.424393999999999938e+00 4.650750000000000162e-01
2.424393999999999938e+00 4.650750000000000162e-01
2.424393999999999938e+00 4.650750000000000162e-01
2.424393999999999938e+00 4.650750000000000162e-01
2.424393999999999938e+00 4.650750000000000162e-01
2.424393999999999938e+00 4.650750000000000162e-01
2.424393999999999938e+00 4.650750000000000162e-01
2.424393999999999938e+00 4.650750000000000162e-01
2.424393999999999938e+00 4.650750000000000162e-01
2.424393999999999938e+00 4.650750000000000162e-01
2.424393999999999938e+00 4.650750000000000162e-01
2.441317000000000181e+00 4.654070000000000151e-01
2.460579000000000072e+00 4.657390000000000141e-01
2.486156999999999950e+00 4.660719999999999863e-01
2.517288000000000192e+00 4.664039999999999853e-01
