0.000000000000000000e+00 0.000000000000000000e+00
-0.000000000000000000e+00 0.000000000000000000e+00
-0.000000000000000000e+00 0.000000000000000000e+00
-0.000000000000000000e+00 0.000000000000000000e+00
-0.000000000000000000e+00 0.000000000000000000e+00
-0.000000000000000000e+00 0.000000000000000000e+00
-0.000000000000000000e+00 0.000000000000000000e+00
-0.000000000000000000e+00 0.000000000000000000e+00
-0.000000000000000000e+00 0.000000000000000000e+00
-0.000000000000000000e+00 0.000000000000000000e+00
-0.000000000000000000e+00 0.000000000000000000e+00
-0.000000000000000000e+00 0.000000000000000000e+00
-0.000000000000000000e+00 0.000000000000000000e+00
-0.000000000000000000e+00 0.000000000000000000e+00
-0.000000000000000000e+00 0.000000000000000000e+00
-0.000000000000000000e+00 0.000000000000000000e+00
-0.000000000000000000e+00 0.000000000000000000e+00
-0.000000000000000000e+00 0.000000000000000000e+00
-0.000000000000000000e+00 0.000000000000000000e+00
-0.000000000000000000e+00 0.000000000000000000e+00
-0.000000000000000000e+00 0.000000000000000000e+00
-0.000000000000000000e+00 0.000000000000000000e+00
-0.000000000000000000e+00 0.000000000000000000e+00
1.032499999999999946e-01 6.644999999999999865e-03
1.597169999999999979e-01 1.328999999999999973e-02
2.095650000000000013e-01 1.993500000000000133e-02
2.561510000000000176e-01 2.657999999999999946e-02
3.012070000000000025e-01 3.322499999999999759e-02
3.009970000000000145e-01 3.322499999999999759e-02
3.009970000000000145e-01 3.322499999999999759e-02
3.009970000000000145e-01 3.322499999999999759e-02
3.009970000000000145e-01 3.322499999999999759e-02
3.009970000000000145e-01 3.322499999999999759e-02
3.009970000000000145e-01 3.322499999999999759e-02
3.009970000000000145e-01 3.322499999999999759e-02
3.009970000000000145e-01 3.322499999999999759e-02
3.009970000000000145e-01 3.322499999999999759e-02
3.009970000000000145e-01 3.322499999999999759e-02
3.009970000000000145e-01 3.322499999999999759e-02
3.009970000000000145e-01 3.322499999999999759e-02
3.009970000000000145e-01 3.322499999999999759e-02
3.009970000000000145e-01 3.322499999999999759e-02
3.009970000000000145e-01 3.322499999999999759e-02
3.009970000000000145e-01 3.322499999999999759e-02
3.009970000000000145e-01 3.322499999999999759e-02
3.009970000000000145e-01 3.322499999999999759e-02
3.009970000000000145e-01 3.322499999999999759e-02
3.009970000000000145e-01 3.322499999999999759e-02
3.009970000000000145e-01 3.322499999999999759e-02
3.009970000000000145e-01 3.322499999999999759e-02
3.009970000000000145e-01 3.322499999999999759e-02
3.029249999999999998e-01 3.355699999999999655e-02
3.047489999999999921e-01 3.388900000000000245e-02
3.067799999999999971e-01 3.422100000000000142e-02
3.090550000000000241e-01 3.455300000000000038e-02
3.115709999999999869e-01 3.488600000000000034e-02
3.142440000000000233e-01 3.521799999999999931e-02
3.169710000000000027e-01 3.554999999999999827e-02
3.196530000000000205e-01 3.588199999999999723e-02
3.222280000000000144e-01 3.621400000000000313e-02
3.246970000000000134e-01 3.654600000000000209e-02
3.270979999999999999e-01 3.687800000000000106e-02
3.294569999999999999e-01 3.721000000000000002e-02
3.317990000000000106e-01 3.754299999999999998e-02
3.341609999999999858e-01 3.787499999999999895e-02
3.365549999999999931e-01 3.820699999999999791e-02
3.389809999999999768e-01 3.853899999999999687e-02
3.414420000000000233e-01 3.887100000000000277e-02
3.439119999999999955e-01 3.920300000000000173e-02
3.463910000000000045e-01 3.953500000000000070e-02
3.488660000000000094e-01 3.986699999999999966e-02
3.513279999999999736e-01 4.019999999999999962e-02
3.537710000000000021e-01 4.053199999999999859e-02
3.561949999999999839e-01 4.086399999999999755e-02
3.586050000000000071e-01 4.119600000000000345e-02
3.610149999999999748e-01 4.152800000000000241e-02
3.634319999999999773e-01 4.186000000000000137e-02
3.658640000000000225e-01 4.219200000000000034e-02
3.683049999999999935e-01 4.252500000000000030e-02
3.707610000000000072e-01 4.285699999999999926e-02
3.732260000000000022e-01 4.318899999999999822e-02
3.756979999999999764e-01 4.352099999999999719e-02
3.781769999999999854e-01 4.385300000000000309e-02
3.806620000000000004e-01 4.418500000000000205e-02
3.831430000000000113e-01 4.451700000000000101e-02
3.856160000000000143e-01 4.484899999999999998e-02
3.880739999999999745e-01 4.518199999999999994e-02
3.905199999999999783e-01 4.551399999999999890e-02
3.929579999999999740e-01 4.584599999999999786e-02
3.953940000000000232e-01 4.617799999999999683e-02
3.978280000000000149e-01 4.651000000000000273e-02
4.002640000000000087e-01 4.684200000000000169e-02
4.027069999999999816e-01 4.717400000000000065e-02
4.051580000000000181e-01 4.750599999999999962e-02
4.076210000000000111e-01 4.783899999999999958e-02
4.100929999999999853e-01 4.817099999999999854e-02
4.125690000000000190e-01 4.850299999999999750e-02
4.150429999999999953e-01 4.883500000000000341e-02
4.175139999999999962e-01 4.916700000000000237e-02
4.199789999999999912e-01 4.949900000000000133e-02
4.224379999999999802e-01 4.983100000000000029e-02
4.248919999999999919e-01 5.016299999999999926e-02
4.273509999999999809e-01 5.049599999999999922e-02
4.298159999999999759e-01 5.082799999999999818e-02
4.322980000000000156e-01 5.115999999999999714e-02
4.347929999999999851e-01 5.149200000000000305e-02
4.373049999999999993e-01 5.182400000000000201e-02
4.398239999999999927e-01 5.215600000000000097e-02
4.423460000000000170e-01 5.248799999999999993e-02
4.448690000000000144e-01 5.281999999999999890e-02
4.473840000000000039e-01 5.315299999999999886e-02
4.498929999999999874e-01 5.348499999999999782e-02
4.523920000000000163e-01 5.381699999999999678e-02
4.549019999999999730e-01 5.414900000000000269e-02
4.574170000000000180e-01 5.448100000000000165e-02
4.599329999999999807e-01 5.481300000000000061e-02
4.624489999999999990e-01 5.514499999999999957e-02
4.649650000000000172e-01 5.547699999999999854e-02
4.674820000000000086e-01 5.580899999999999750e-02
4.700130000000000141e-01 5.614199999999999746e-02
4.725440000000000196e-01 5.647400000000000336e-02
4.750789999999999735e-01 5.680600000000000233e-02
4.776179999999999870e-01 5.713800000000000129e-02
4.801839999999999997e-01 5.747000000000000025e-02
4.827649999999999997e-01 5.780199999999999921e-02
4.853210000000000024e-01 5.813399999999999818e-02
4.879089999999999816e-01 5.846699999999999814e-02
4.905149999999999788e-01 5.879899999999999710e-02
4.930649999999999755e-01 5.913100000000000300e-02
4.956559999999999855e-01 5.946300000000000197e-02
4.982599999999999807e-01 5.979500000000000093e-02
5.008679999999999799e-01 6.012699999999999989e-02
5.034359999999999946e-01 6.045899999999999885e-02
5.060470000000000246e-01 6.079099999999999782e-02
5.086800000000000210e-01 6.112299999999999678e-02
5.113229999999999720e-01 6.145599999999999674e-02
5.139679999999999804e-01 6.178800000000000264e-02
5.166089999999999849e-01 6.212000000000000161e-02
5.192480000000000429e-01 6.245200000000000057e-02
5.218540000000000401e-01 6.278400000000000647e-02
5.244670000000000165e-01 6.311600000000000543e-02
5.271160000000000290e-01 6.344800000000000439e-02
5.297889999999999544e-01 6.378100000000000436e-02
5.325020000000000309e-01 6.411300000000000332e-02
5.352069999999999883e-01 6.444500000000000228e-02
5.379279999999999617e-01 6.477700000000000125e-02
5.406539999999999679e-01 6.510900000000000021e-02
5.434290000000000509e-01 6.544099999999999917e-02
5.461939999999999573e-01 6.577299999999999813e-02
5.489429999999999588e-01 6.610499999999999710e-02
5.516469999999999985e-01 6.643799999999999706e-02
5.516469999999999985e-01 6.643799999999999706e-02
5.516469999999999985e-01 6.643799999999999706e-02
5.516469999999999985e-01 6.643799999999999706e-02
5.516469999999999985e-01 6.643799999999999706e-02
5.516469999999999985e-01 6.643799999999999706e-02
5.516469999999999985e-01 6.643799999999999706e-02
5.516469999999999985e-01 6.643799999999999706e-02
5.516469999999999985e-01 6.643799999999999706e-02
5.516469999999999985e-01 6.643799999999999706e-02
5.516469999999999985e-01 6.643799999999999706e-02
5.516469999999999985e-01 6.643799999999999706e-02
5.516469999999999985e-01 6.643799999999999706e-02
5.516469999999999985e-01 6.643799999999999706e-02
5.516469999999999985e-01 6.643799999999999706e-02
5.516469999999999985e-01 6.643799999999999706e-02
5.516469999999999985e-01 6.643799999999999706e-02
5.516469999999999985e-01 6.643799999999999706e-02
5.516469999999999985e-01 6.643799999999999706e-02
5.516469999999999985e-01 6.643799999999999706e-02
5.516469999999999985e-01 6.643799999999999706e-02
5.516469999999999985e-01 6.643799999999999706e-02
5.516469999999999985e-01 6.643799999999999706e-02
5.516469999999999985e-01 6.643799999999999706e-02
6.157719999999999860e-01 7.308199999999999419e-02
6.760840000000000183e-01 7.972700000000000620e-02
7.406979999999999675e-01 8.637300000000000533e-02
8.175559999999999494e-01 9.301700000000000246e-02
9.151789999999999647e-01 9.966300000000000159e-02
9.154349999999999987e-01 9.966300000000000159e-02
9.154349999999999987e-01 9.966300000000000159e-02
9.154349999999999987e-01 9.966300000000000159e-02
9.154349999999999987e-01 9.966300000000000159e-02
9.154349999999999987e-01 9.966300000000000159e-02
9.154349999999999987e-01 9.966300000000000159e-02
9.154349999999999987e-01 9.966300000000000159e-02
9.154349999999999987e-01 9.966300000000000159e-02
9.154349999999999987e-01 9.966300000000000159e-02
9.154349999999999987e-01 9.966300000000000159e-02
9.154349999999999987e-01 9.966300000000000159e-02
9.154349999999999987e-01 9.966300000000000159e-02
9.154349999999999987e-01 9.966300000000000159e-02
9.154349999999999987e-01 9.966300000000000159e-02
9.154349999999999987e-01 9.966300000000000159e-02
9.154349999999999987e-01 9.966300000000000159e-02
9.154349999999999987e-01 9.966300000000000159e-02
9.154349999999999987e-01 9.966300000000000159e-02
9.154349999999999987e-01 9.966300000000000159e-02
9.154349999999999987e-01 9.966300000000000159e-02
9.154349999999999987e-01 9.966300000000000159e-02
9.154349999999999987e-01 9.966300000000000159e-02
9.154349999999999987e-01 9.966300000000000159e-02
9.206020000000000314e-01 9.999500000000000055e-02
9.260199999999999543e-01 1.003269999999999995e-01
9.329159999999999675e-01 1.006589999999999985e-01
9.421040000000000525e-01 1.009909999999999974e-01
9.542159999999999531e-01 1.013229999999999964e-01
9.697400000000000464e-01 1.016549999999999954e-01
9.884789999999999965e-01 1.019869999999999943e-01
1.010143999999999931e+00 1.023189999999999933e-01
1.034316999999999931e+00 1.026519999999999933e-01
1.060812000000000088e+00 1.029840000000000061e-01
1.089226999999999945e+00 1.033160000000000051e-01
1.119777000000000022e+00 1.036480000000000040e-01
1.152868999999999922e+00 1.039800000000000030e-01
1.189222000000000001e+00 1.043120000000000019e-01
1.230342000000000047e+00 1.046440000000000009e-01
1.278604000000000074e+00 1.049759999999999999e-01
