0.000000000000000000e+00 0.000000000000000000e+00
-0.000000000000000000e+00 0.000000000000000000e+00
-0.000000000000000000e+00 0.000000000000000000e+00
-0.000000000000000000e+00 0.000000000000000000e+00
-0.000000000000000000e+00 0.000000000000000000e+00
-0.000000000000000000e+00 0.000000000000000000e+00
-0.000000000000000000e+00 0.000000000000000000e+00
-0.000000000000000000e+00 0.000000000000000000e+00
-0.000000000000000000e+00 0.000000000000000000e+00
-0.000000000000000000e+00 0.000000000000000000e+00
-0.000000000000000000e+00 0.000000000000000000e+00
-0.000000000000000000e+00 0.000000000000000000e+00
-0.000000000000000000e+00 0.000000000000000000e+00
-0.000000000000000000e+00 0.000000000000000000e+00
-0.000000000000000000e+00 0.000000000000000000e+00
-0.000000000000000000e+00 0.000000000000000000e+00
-0.000000000000000000e+00 0.000000000000000000e+00
-0.000000000000000000e+00 0.000000000000000000e+00
-0.000000000000000000e+00 0.000000000000000000e+00
-0.000000000000000000e+00 0.000000000000000000e+00
-0.000000000000000000e+00 0.000000000000000000e+00
-0.000000000000000000e+00 0.000000000000000000e+00
-0.000000000000000000e+00 0.000000000000000000e+00
8.035899999999999987e-02 6.644999999999999865e-03
1.271899999999999975e-01 1.328999999999999973e-02
1.677029999999999910e-01 1.993500000000000133e-02
2.046099999999999863e-01 2.657999999999999946e-02
2.394739999999999924e-01 3.322499999999999759e-02
2.394739999999999924e-01 3.322499999999999759e-02
2.394739999999999924e-01 3.322499999999999759e-02
2.394739999999999924e-01 3.322499999999999759e-02
2.394739999999999924e-01 3.322499999999999759e-02
2.394739999999999924e-01 3.322499999999999759e-02
2.394739999999999924e-01 3.322499999999999759e-02
2.394739999999999924e-01 3.322499999999999759e-02
2.394739999999999924e-01 3.322499999999999759e-02
2.394739999999999924e-01 3.322499999999999759e-02
2.394739999999999924e-01 3.322499999999999759e-02
2.394739999999999924e-01 3.322499999999999759e-02
2.394739999999999924e-01 3.322499999999999759e-02
2.394739999999999924e-01 3.322499999999999759e-02
2.394739999999999924e-01 3.322499999999999759e-02
2.394739999999999924e-01 3.322499999999999759e-02
2.394739999999999924e-01 3.322499999999999759e-02
2.394739999999999924e-01 3.322499999999999759e-02
2.394739999999999924e-01 3.322499999999999759e-02
2.394739999999999924e-01 3.322499999999999759e-02
2.394739999999999924e-01 3.322499999999999759e-02
2.394739999999999924e-01 3.322499999999999759e-02
2.394739999999999924e-01 3.322499999999999759e-02
2.394739999999999924e-01 3.322499999999999759e-02
2.701479999999999992e-01 3.986699999999999966e-02
3.001679999999999904e-01 4.651000000000000273e-02
3.292439999999999811e-01 5.315299999999999886e-02
3.578029999999999822e-01 5.979500000000000093e-02
3.857979999999999743e-01 6.643799999999999706e-02
3.857979999999999743e-01 6.643799999999999706e-02
3.857979999999999743e-01 6.643799999999999706e-02
3.857979999999999743e-01 6.643799999999999706e-02
3.857979999999999743e-01 6.643799999999999706e-02
3.857979999999999743e-01 6.643799999999999706e-02
3.857979999999999743e-01 6.643799999999999706e-02
3.857979999999999743e-01 6.643799999999999706e-02
3.857979999999999743e-01 6.643799999999999706e-02
3.857979999999999743e-01 6.643799999999999706e-02
3.857979999999999743e-01 6.643799999999999706e-02
3.857979999999999743e-01 6.643799999999999706e-02
3.857979999999999743e-01 6.643799999999999706e-02
3.857979999999999743e-01 6.643799999999999706e-02
3.857979999999999743e-01 6.643799999999999706e-02
3.857979999999999743e-01 6.643799999999999706e-02
3.857979999999999743e-01 6.643799999999999706e-02
3.857979999999999743e-01 6.643799999999999706e-02
3.857979999999999743e-01 6.643799999999999706e-02
3.857979999999999743e-01 6.643799999999999706e-02
3.857979999999999743e-01 6.643799999999999706e-02
3.857979999999999743e-01 6.643799999999999706e-02
3.857979999999999743e-01 6.643799999999999706e-02
3.857979999999999743e-01 6.643799999999999706e-02
4.168270000000000031e-01 7.308199999999999419e-02
4.480379999999999918e-01 7.972700000000000620e-02
4.796389999999999820e-01 8.637300000000000533e-02
5.107610000000000205e-01 9.301700000000000246e-02
5.414470000000000116e-01 9.966300000000000159e-02
5.414470000000000116e-01 9.966300000000000159e-02
5.414470000000000116e-01 9.966300000000000159e-02
5.414470000000000116e-01 9.966300000000000159e-02
5.414470000000000116e-01 9.966300000000000159e-02
5.414470000000000116e-01 9.966300000000000159e-02
5.414470000000000116e-01 9.966300000000000159e-02
5.414470000000000116e-01 9.966300000000000159e-02
5.414470000000000116e-01 9.966300000000000159e-02
5.414470000000000116e-01 9.966300000000000159e-02
5.414470000000000116e-01 9.966300000000000159e-02
5.414470000000000116e-01 9.966300000000000159e-02
5.414470000000000116e-01 9.966300000000000159e-02
5.414470000000000116e-01 9.966300000000000159e-02
5.414470000000000116e-01 9.966300000000000159e-02
5.414470000000000116e-01 9.966300000000000159e-02
5.414470000000000116e-01 9.966300000000000159e-02
5.414470000000000116e-01 9.966300000000000159e-02
5.414470000000000116e-01 9.966300000000000159e-02
5.414470000000000116e-01 9.966300000000000159e-02
5.414470000000000116e-01 9.966300000000000159e-02
5.414470000000000116e-01 9.966300000000000159e-02
5.414470000000000116e-01 9.966300000000000159e-02
5.414470000000000116e-01 9.966300000000000159e-02
5.874070000000000125e-01 1.063049999999999967e-01
6.193539999999999601e-01 1.129470000000000057e-01
6.516009999999999858e-01 1.195900000000000019e-01
6.845940000000000358e-01 1.262320000000000109e-01
7.179470000000000018e-01 1.328749999999999931e-01
7.179470000000000018e-01 1.328749999999999931e-01
7.179470000000000018e-01 1.328749999999999931e-01
7.179470000000000018e-01 1.328749999999999931e-01
7.179470000000000018e-01 1.328749999999999931e-01
7.179470000000000018e-01 1.328749999999999931e-01
7.179470000000000018e-01 1.328749999999999931e-01
7.179470000000000018e-01 1.328749999999999931e-01
7.179470000000000018e-01 1.328749999999999931e-01
7.179470000000000018e-01 1.328749999999999931e-01
7.179470000000000018e-01 1.328749999999999931e-01
7.179470000000000018e-01 1.328749999999999931e-01
7.179470000000000018e-01 1.328749999999999931e-01
7.179470000000000018e-01 1.328749999999999931e-01
7.179470000000000018e-01 1.328749999999999931e-01
7.179470000000000018e-01 1.328749999999999931e-01
7.179470000000000018e-01 1.328749999999999931e-01
7.179470000000000018e-01 1.328749999999999931e-01
7.179470000000000018e-01 1.328749999999999931e-01
7.179470000000000018e-01 1.328749999999999931e-01
7.179470000000000018e-01 1.328749999999999931e-01
7.179470000000000018e-01 1.328749999999999931e-01
7.179470000000000018e-01 1.328749999999999931e-01
7.179470000000000018e-01 1.328749999999999931e-01
7.338970000000000216e-01 1.395200000000000051e-01
7.765229999999999633e-01 1.461649999999999894e-01
8.183840000000000003e-01 1.528100000000000014e-01
8.618069999999999897e-01 1.594550000000000134e-01
9.073109999999999786e-01 1.660999999999999976e-01
9.073109999999999786e-01 1.660999999999999976e-01
9.073109999999999786e-01 1.660999999999999976e-01
9.073109999999999786e-01 1.660999999999999976e-01
9.073109999999999786e-01 1.660999999999999976e-01
9.073109999999999786e-01 1.660999999999999976e-01
9.073109999999999786e-01 1.660999999999999976e-01
9.073109999999999786e-01 1.660999999999999976e-01
9.073109999999999786e-01 1.660999999999999976e-01
9.073109999999999786e-01 1.660999999999999976e-01
9.073109999999999786e-01 1.660999999999999976e-01
9.073109999999999786e-01 1.660999999999999976e-01
9.073109999999999786e-01 1.660999999999999976e-01
9.073109999999999786e-01 1.660999999999999976e-01
9.073109999999999786e-01 1.660999999999999976e-01
9.073109999999999786e-01 1.660999999999999976e-01
9.073109999999999786e-01 1.660999999999999976e-01
9.073109999999999786e-01 1.660999999999999976e-01
9.073109999999999786e-01 1.660999999999999976e-01
9.073109999999999786e-01 1.660999999999999976e-01
9.073109999999999786e-01 1.660999999999999976e-01
9.073109999999999786e-01 1.660999999999999976e-01
9.073109999999999786e-01 1.660999999999999976e-01
9.073109999999999786e-01 1.660999999999999976e-01
9.566890000000000116e-01 1.727420000000000067e-01
1.012024000000000035e+00 1.793849999999999889e-01
1.073010000000000019e+00 1.860279999999999989e-01
1.139955999999999969e+00 1.926700000000000079e-01
1.215778000000000025e+00 1.993129999999999902e-01
1.215778000000000025e+00 1.993129999999999902e-01
1.215778000000000025e+00 1.993129999999999902e-01
1.215778000000000025e+00 1.993129999999999902e-01
1.215778000000000025e+00 1.993129999999999902e-01
1.215778000000000025e+00 1.993129999999999902e-01
1.215778000000000025e+00 1.993129999999999902e-01
1.215778000000000025e+00 1.993129999999999902e-01
1.215778000000000025e+00 1.993129999999999902e-01
1.215778000000000025e+00 1.993129999999999902e-01
1.215778000000000025e+00 1.993129999999999902e-01
1.215778000000000025e+00 1.993129999999999902e-01
1.215778000000000025e+00 1.993129999999999902e-01
1.215778000000000025e+00 1.993129999999999902e-01
1.215778000000000025e+00 1.993129999999999902e-01
1.215778000000000025e+00 1.993129999999999902e-01
1.215778000000000025e+00 1.993129999999999902e-01
1.215778000000000025e+00 1.993129999999999902e-01
1.215778000000000025e+00 1.993129999999999902e-01
1.215778000000000025e+00 1.993129999999999902e-01
1.215778000000000025e+00 1.993129999999999902e-01
1.215778000000000025e+00 1.993129999999999902e-01
1.215778000000000025e+00 1.993129999999999902e-01
1.215778000000000025e+00 1.993129999999999902e-01
1.441426000000000096e+00 2.059570000000000012e-01
1.576146000000000047e+00 2.126020000000000132e-01
1.597054999999999891e+00 2.127060000000000062e-01
