res_exp_1 32.90322580645161 9.032258064516128 6
res_exp_2 32.90322580645161 9.032258064516128 2
res_exp_3 31.612903225806452 9.032258064516128 4
res_exp_4 29.032258064516128 9.032258064516128 4
res_exp_5 27.096774193548388 10.32258064516129 4
res_exp_6 27.741935483870968 9.032258064516128 4
res_exp_7 34.193548387096776 10.32258064516129 6
res_exp_8 23.870967741935484 11.612903225806452 5
res_exp_9 25.806451612903224 10.32258064516129 6
res_exp_10 33.54838709677419 10.32258064516129 5
res_exp_11 22.58064516129032 10.32258064516129 6
res_exp_12 36.774193548387096 10.32258064516129 6
res_exp_13 36.774193548387096 10.32258064516129 5
res_exp_14 34.83870967741935 10.32258064516129 5
