0.0 -0.0
0.02 1.2903225806451613
0.04 2.5806451612903225
0.06 2.5806451612903225
0.08 3.870967741935484
0.1 3.870967741935484
0.12 3.870967741935484
0.14 5.161290322580645
0.16 5.161290322580645
0.18 5.161290322580645
0.2 5.161290322580645
0.22 5.161290322580645
0.24 5.161290322580645
0.26 5.161290322580645
0.28 6.451612903225806
0.3 6.451612903225806
0.32 6.451612903225806
0.34 6.451612903225806
0.36 7.741935483870968
0.38 7.741935483870968
0.4 9.032258064516128
0.42 9.032258064516128
0.44 10.32258064516129
0.46 10.32258064516129
0.48 11.612903225806452
0.5 12.903225806451612
0.52 14.193548387096774
