0.0 -0.0
0.02 -0.0
0.04 -0.0
0.06 1.2903225806451613
0.08 1.2903225806451613
0.1 1.2903225806451613
0.12 2.5806451612903225
0.14 2.5806451612903225
0.16 2.5806451612903225
0.18 2.5806451612903225
0.2 2.5806451612903225
0.22 3.870967741935484
0.24 3.870967741935484
0.26 3.870967741935484
0.28 3.870967741935484
0.3 3.870967741935484
0.32 3.870967741935484
0.34 3.870967741935484
0.36 5.161290322580645
0.38 5.161290322580645
0.4 5.161290322580645
0.42 5.161290322580645
0.44 5.161290322580645
0.46 5.161290322580645
0.48 5.161290322580645
0.5 5.161290322580645
0.52 5.161290322580645
0.54 6.451612903225806
0.56 6.451612903225806
0.58 6.451612903225806
0.6 6.451612903225806
0.62 6.451612903225806
0.64 6.451612903225806
0.66 6.451612903225806
0.68 6.451612903225806
0.7000000000000001 7.741935483870968
0.72 7.741935483870968
0.74 7.741935483870968
0.76 7.741935483870968
0.78 7.741935483870968
0.8 7.741935483870968
0.8200000000000001 7.741935483870968
0.84 9.032258064516128
0.86 9.032258064516128
0.88 9.032258064516128
0.9 9.032258064516128
0.92 9.032258064516128
0.9400000000000001 10.32258064516129
0.96 10.32258064516129
0.98 10.32258064516129
1.0 11.612903225806452
1.02 12.903225806451612
