0.0 -0.0
0.02 1.2903225806451613
0.04 -1.2903225806451613
0.06 2.5806451612903225
0.08 -0.0
0.1 -0.0
0.12 -0.0
0.14 -0.0
0.16 -0.0
0.18 9.032258064516128
0.2 9.032258064516128
0.22 9.032258064516128
0.24 9.032258064516128
0.26 9.032258064516128
0.28 9.032258064516128
0.3 9.032258064516128
0.32 1.2903225806451613
0.34 10.32258064516129
0.36 10.32258064516129
0.38 10.32258064516129
0.4 10.32258064516129
0.42 10.32258064516129
0.44 10.32258064516129
0.46 10.32258064516129
0.48 10.32258064516129
0.5 10.32258064516129
0.52 10.32258064516129
0.54 10.32258064516129
0.56 10.32258064516129
0.58 10.32258064516129
0.6 10.32258064516129
0.62 3.870967741935484
0.64 10.32258064516129
0.66 11.612903225806452
0.68 11.612903225806452
0.7000000000000001 11.612903225806452
0.72 11.612903225806452
0.74 11.612903225806452
0.76 11.612903225806452
0.78 11.612903225806452
0.8 11.612903225806452
0.8200000000000001 11.612903225806452
0.84 11.612903225806452
0.86 11.612903225806452
0.88 11.612903225806452
0.9 11.612903225806452
0.92 3.870967741935484
0.9400000000000001 11.612903225806452
0.96 5.161290322580645
0.98 12.903225806451612
1.0 12.903225806451612
1.02 12.903225806451612
1.04 12.903225806451612
1.06 12.903225806451612
1.08 12.903225806451612
1.1 12.903225806451612
1.12 12.903225806451612
1.1400000000000001 12.903225806451612
1.16 12.903225806451612
1.18 12.903225806451612
1.2 6.451612903225806
1.22 6.451612903225806
1.24 6.451612903225806
1.26 6.451612903225806
1.28 6.451612903225806
1.3 6.451612903225806
1.32 14.193548387096774
1.34 6.451612903225806
1.36 6.451612903225806
1.3800000000000001 6.451612903225806
1.4000000000000001 7.741935483870968
1.42 7.741935483870968
1.44 7.741935483870968
1.46 7.741935483870968
1.48 7.741935483870968
1.5 7.741935483870968
1.52 7.741935483870968
1.54 7.741935483870968
1.56 7.741935483870968
1.58 9.032258064516128
1.6 9.032258064516128
1.62 9.032258064516128
1.6400000000000001 9.032258064516128
1.6600000000000001 9.032258064516128
1.68 9.032258064516128
1.7 10.32258064516129
1.72 10.32258064516129
1.74 10.32258064516129
1.76 10.32258064516129
1.78 11.612903225806452
1.8 11.612903225806452
1.82 11.612903225806452
1.84 12.903225806451612
1.86 12.903225806451612
1.8800000000000001 15.483870967741936
1.9000000000000001 18.064516129032256
1.92 19.35483870967742
1.94 -1.2903225806451613
