0.0 -0.0
0.02 2.5806451612903225
0.04 2.5806451612903225
0.06 3.870967741935484
0.08 3.870967741935484
0.1 3.870967741935484
0.12 5.161290322580645
0.14 5.161290322580645
0.16 5.161290322580645
0.18 5.161290322580645
0.2 5.161290322580645
0.22 6.451612903225806
0.24 6.451612903225806
0.26 6.451612903225806
0.28 6.451612903225806
0.3 6.451612903225806
0.32 6.451612903225806
0.34 6.451612903225806
0.36 6.451612903225806
0.38 6.451612903225806
0.4 6.451612903225806
0.42 7.741935483870968
0.44 7.741935483870968
0.46 7.741935483870968
0.48 7.741935483870968
0.5 7.741935483870968
0.52 7.741935483870968
0.54 7.741935483870968
0.56 7.741935483870968
0.58 7.741935483870968
0.6 7.741935483870968
0.62 7.741935483870968
0.64 7.741935483870968
0.66 7.741935483870968
0.68 7.741935483870968
0.7000000000000001 7.741935483870968
0.72 6.451612903225806
0.74 7.741935483870968
0.76 7.741935483870968
0.78 7.741935483870968
0.8 9.032258064516128
0.8200000000000001 7.741935483870968
0.84 9.032258064516128
0.86 9.032258064516128
0.88 9.032258064516128
0.9 9.032258064516128
0.92 9.032258064516128
0.9400000000000001 7.741935483870968
0.96 9.032258064516128
0.98 9.032258064516128
1.0 9.032258064516128
1.02 9.032258064516128
1.04 9.032258064516128
1.06 9.032258064516128
1.08 9.032258064516128
1.1 9.032258064516128
1.12 9.032258064516128
1.1400000000000001 9.032258064516128
1.16 7.741935483870968
1.18 9.032258064516128
1.2 9.032258064516128
1.22 7.741935483870968
1.24 9.032258064516128
1.26 7.741935483870968
1.28 9.032258064516128
1.3 7.741935483870968
1.32 9.032258064516128
1.34 9.032258064516128
1.36 9.032258064516128
1.3800000000000001 9.032258064516128
1.4000000000000001 9.032258064516128
1.42 9.032258064516128
1.44 9.032258064516128
1.46 9.032258064516128
1.48 9.032258064516128
1.5 9.032258064516128
1.52 9.032258064516128
1.54 9.032258064516128
1.56 9.032258064516128
1.58 9.032258064516128
1.6 9.032258064516128
1.62 9.032258064516128
1.6400000000000001 9.032258064516128
1.6600000000000001 9.032258064516128
1.68 9.032258064516128
1.7 9.032258064516128
1.72 9.032258064516128
1.74 9.032258064516128
1.76 9.032258064516128
1.78 9.032258064516128
1.8 9.032258064516128
1.82 9.032258064516128
1.84 9.032258064516128
1.86 9.032258064516128
1.8800000000000001 9.032258064516128
1.9000000000000001 9.032258064516128
1.92 9.032258064516128
1.94 9.032258064516128
1.96 9.032258064516128
1.98 9.032258064516128
2.0 9.032258064516128
2.02 9.032258064516128
2.04 9.032258064516128
2.06 9.032258064516128
2.08 9.032258064516128
2.1 9.032258064516128
2.12 9.032258064516128
2.14 9.032258064516128
2.16 9.032258064516128
2.18 9.032258064516128
2.2 9.032258064516128
2.22 9.032258064516128
2.24 9.032258064516128
2.2600000000000002 9.032258064516128
2.2800000000000002 9.032258064516128
2.3000000000000003 9.032258064516128
2.32 9.032258064516128
2.34 9.032258064516128
2.36 9.032258064516128
2.38 9.032258064516128
2.4 9.032258064516128
2.42 9.032258064516128
2.44 9.032258064516128
2.46 9.032258064516128
2.48 9.032258064516128
2.5 9.032258064516128
2.52 9.032258064516128
2.54 9.032258064516128
2.56 9.032258064516128
2.58 9.032258064516128
2.6 9.032258064516128
2.62 9.032258064516128
2.64 9.032258064516128
2.66 9.032258064516128
2.68 9.032258064516128
2.7 9.032258064516128
2.72 9.032258064516128
2.74 9.032258064516128
2.7600000000000002 9.032258064516128
2.7800000000000002 9.032258064516128
2.8000000000000003 9.032258064516128
2.82 9.032258064516128
2.84 9.032258064516128
2.86 9.032258064516128
2.88 9.032258064516128
2.9 9.032258064516128
2.92 9.032258064516128
2.94 9.032258064516128
2.96 9.032258064516128
2.98 9.032258064516128
3.0 9.032258064516128
3.02 9.032258064516128
3.04 9.032258064516128
3.06 9.032258064516128
3.08 9.032258064516128
3.1 9.032258064516128
3.12 9.032258064516128
3.14 9.032258064516128
3.16 9.032258064516128
3.18 9.032258064516128
3.2 9.032258064516128
3.22 9.032258064516128
3.24 9.032258064516128
3.2600000000000002 9.032258064516128
3.2800000000000002 9.032258064516128
3.3000000000000003 9.032258064516128
3.3200000000000003 9.032258064516128
3.34 9.032258064516128
3.36 9.032258064516128
3.38 9.032258064516128
3.4 9.032258064516128
3.42 9.032258064516128
3.44 9.032258064516128
3.46 9.032258064516128
3.48 9.032258064516128
3.5 9.032258064516128
3.52 9.032258064516128
3.54 9.032258064516128
3.56 9.032258064516128
3.58 9.032258064516128
3.6 9.032258064516128
3.62 9.032258064516128
3.64 9.032258064516128
3.66 9.032258064516128
3.68 9.032258064516128
3.7 9.032258064516128
3.72 9.032258064516128
3.74 9.032258064516128
3.7600000000000002 9.032258064516128
3.7800000000000002 9.032258064516128
3.8000000000000003 9.032258064516128
3.8200000000000003 9.032258064516128
3.84 9.032258064516128
3.86 9.032258064516128
3.88 9.032258064516128
3.9 9.032258064516128
3.92 9.032258064516128
3.94 9.032258064516128
3.96 9.032258064516128
3.98 9.032258064516128
4.0 9.032258064516128
4.0200000000000005 9.032258064516128
4.04 9.032258064516128
4.0600000000000005 9.032258064516128
4.08 9.032258064516128
4.1 9.032258064516128
4.12 9.032258064516128
4.14 9.032258064516128
4.16 9.032258064516128
4.18 9.032258064516128
4.2 9.032258064516128
4.22 9.032258064516128
4.24 9.032258064516128
4.26 9.032258064516128
4.28 9.032258064516128
4.3 9.032258064516128
4.32 9.032258064516128
4.34 9.032258064516128
4.36 9.032258064516128
4.38 9.032258064516128
4.4 9.032258064516128
4.42 9.032258064516128
4.44 9.032258064516128
4.46 9.032258064516128
4.48 9.032258064516128
4.5 9.032258064516128
4.5200000000000005 9.032258064516128
4.54 9.032258064516128
4.5600000000000005 9.032258064516128
4.58 9.032258064516128
4.6000000000000005 9.032258064516128
4.62 9.032258064516128
4.64 9.032258064516128
4.66 9.032258064516128
4.68 9.032258064516128
4.7 9.032258064516128
4.72 9.032258064516128
4.74 9.032258064516128
4.76 9.032258064516128
4.78 9.032258064516128
4.8 9.032258064516128
4.82 9.032258064516128
4.84 9.032258064516128
4.86 9.032258064516128
4.88 9.032258064516128
4.9 9.032258064516128
4.92 9.032258064516128
4.94 9.032258064516128
4.96 9.032258064516128
4.98 9.032258064516128
5.0 9.032258064516128
5.0200000000000005 9.032258064516128
5.04 9.032258064516128
5.0600000000000005 9.032258064516128
5.08 9.032258064516128
5.1000000000000005 9.032258064516128
5.12 9.032258064516128
5.14 9.032258064516128
5.16 9.032258064516128
5.18 9.032258064516128
5.2 9.032258064516128
5.22 9.032258064516128
5.24 9.032258064516128
5.26 9.032258064516128
5.28 9.032258064516128
5.3 9.032258064516128
5.32 9.032258064516128
5.34 9.032258064516128
5.36 9.032258064516128
5.38 9.032258064516128
5.4 9.032258064516128
5.42 9.032258064516128
5.44 9.032258064516128
5.46 9.032258064516128
5.48 9.032258064516128
5.5 9.032258064516128
5.5200000000000005 9.032258064516128
5.54 9.032258064516128
5.5600000000000005 9.032258064516128
5.58 9.032258064516128
5.6000000000000005 9.032258064516128
5.62 9.032258064516128
5.64 9.032258064516128
5.66 9.032258064516128
5.68 9.032258064516128
5.7 9.032258064516128
5.72 9.032258064516128
5.74 9.032258064516128
5.76 9.032258064516128
5.78 9.032258064516128
5.8 9.032258064516128
5.82 9.032258064516128
5.84 9.032258064516128
5.86 9.032258064516128
5.88 9.032258064516128
5.9 9.032258064516128
5.92 9.032258064516128
5.94 9.032258064516128
5.96 9.032258064516128
5.98 9.032258064516128
6.0 9.032258064516128
6.0200000000000005 9.032258064516128
6.04 9.032258064516128
6.0600000000000005 9.032258064516128
6.08 9.032258064516128
6.1000000000000005 9.032258064516128
6.12 9.032258064516128
6.140000000000001 9.032258064516128
6.16 9.032258064516128
6.18 9.032258064516128
6.2 9.032258064516128
6.22 9.032258064516128
6.24 9.032258064516128
6.26 9.032258064516128
6.28 9.032258064516128
6.3 9.032258064516128
6.32 9.032258064516128
6.34 9.032258064516128
6.36 9.032258064516128
6.38 9.032258064516128
6.4 9.032258064516128
6.42 9.032258064516128
6.44 9.032258064516128
6.46 9.032258064516128
6.48 9.032258064516128
6.5 9.032258064516128
6.5200000000000005 9.032258064516128
6.54 9.032258064516128
6.5600000000000005 9.032258064516128
6.58 9.032258064516128
6.6000000000000005 9.032258064516128
6.62 9.032258064516128
6.640000000000001 9.032258064516128
6.66 9.032258064516128
6.68 9.032258064516128
6.7 9.032258064516128
6.72 9.032258064516128
6.74 9.032258064516128
6.76 9.032258064516128
6.78 9.032258064516128
6.8 9.032258064516128
6.82 9.032258064516128
6.84 9.032258064516128
6.86 9.032258064516128
6.88 9.032258064516128
6.9 9.032258064516128
6.92 9.032258064516128
6.94 9.032258064516128
6.96 9.032258064516128
6.98 9.032258064516128
7.0 9.032258064516128
7.0200000000000005 9.032258064516128
7.04 9.032258064516128
7.0600000000000005 9.032258064516128
7.08 9.032258064516128
7.1000000000000005 9.032258064516128
7.12 9.032258064516128
7.140000000000001 9.032258064516128
7.16 9.032258064516128
7.18 9.032258064516128
7.2 9.032258064516128
7.22 9.032258064516128
7.24 9.032258064516128
7.26 9.032258064516128
7.28 9.032258064516128
7.3 9.032258064516128
7.32 9.032258064516128
7.34 9.032258064516128
7.36 9.032258064516128
7.38 9.032258064516128
7.4 9.032258064516128
7.42 9.032258064516128
7.44 9.032258064516128
7.46 9.032258064516128
7.48 9.032258064516128
7.5 9.032258064516128
7.5200000000000005 9.032258064516128
7.54 9.032258064516128
7.5600000000000005 9.032258064516128
7.58 9.032258064516128
7.6000000000000005 9.032258064516128
7.62 9.032258064516128
7.640000000000001 9.032258064516128
7.66 9.032258064516128
7.68 9.032258064516128
7.7 9.032258064516128
7.72 9.032258064516128
7.74 9.032258064516128
7.76 9.032258064516128
7.78 9.032258064516128
7.8 9.032258064516128
7.82 9.032258064516128
7.84 9.032258064516128
7.86 9.032258064516128
7.88 9.032258064516128
7.9 9.032258064516128
7.92 9.032258064516128
7.94 9.032258064516128
7.96 9.032258064516128
7.98 9.032258064516128
8.0 9.032258064516128
8.02 9.032258064516128
8.040000000000001 9.032258064516128
8.06 9.032258064516128
8.08 9.032258064516128
8.1 9.032258064516128
8.120000000000001 9.032258064516128
8.14 9.032258064516128
8.16 9.032258064516128
8.18 9.032258064516128
8.2 9.032258064516128
8.22 9.032258064516128
8.24 9.032258064516128
8.26 9.032258064516128
8.28 9.032258064516128
8.3 9.032258064516128
8.32 9.032258064516128
8.34 9.032258064516128
8.36 9.032258064516128
8.38 9.032258064516128
8.4 9.032258064516128
8.42 9.032258064516128
8.44 9.032258064516128
8.46 9.032258064516128
8.48 9.032258064516128
8.5 9.032258064516128
8.52 9.032258064516128
8.540000000000001 9.032258064516128
8.56 9.032258064516128
8.58 9.032258064516128
8.6 9.032258064516128
8.620000000000001 9.032258064516128
8.64 9.032258064516128
8.66 9.032258064516128
8.68 9.032258064516128
8.700000000000001 9.032258064516128
8.72 9.032258064516128
8.74 9.032258064516128
8.76 9.032258064516128
8.78 9.032258064516128
8.8 9.032258064516128
8.82 9.032258064516128
8.84 9.032258064516128
8.86 9.032258064516128
8.88 9.032258064516128
8.9 9.032258064516128
8.92 9.032258064516128
8.94 9.032258064516128
8.96 9.032258064516128
8.98 9.032258064516128
9.0 9.032258064516128
9.02 9.032258064516128
9.040000000000001 9.032258064516128
9.06 9.032258064516128
9.08 9.032258064516128
9.1 9.032258064516128
9.120000000000001 9.032258064516128
9.14 9.032258064516128
9.16 9.032258064516128
9.18 9.032258064516128
9.200000000000001 9.032258064516128
9.22 9.032258064516128
9.24 9.032258064516128
9.26 9.032258064516128
9.28 9.032258064516128
9.3 9.032258064516128
9.32 9.032258064516128
9.34 9.032258064516128
9.36 9.032258064516128
9.38 9.032258064516128
9.4 9.032258064516128
9.42 9.032258064516128
