0.0 -0.0
0.02 -0.0
0.04 -0.0
0.06 -0.0
0.08 -0.0
0.1 -0.0
0.12 -0.0
0.14 -0.0
0.16 -0.0
0.18 -0.0
0.2 1.2903225806451613
0.22 1.2903225806451613
0.24 1.2903225806451613
0.26 1.2903225806451613
0.28 1.2903225806451613
0.3 1.2903225806451613
0.32 1.2903225806451613
0.34 1.2903225806451613
0.36 1.2903225806451613
0.38 1.2903225806451613
0.4 1.2903225806451613
0.42 1.2903225806451613
0.44 1.2903225806451613
0.46 2.5806451612903225
0.48 2.5806451612903225
0.5 2.5806451612903225
0.52 2.5806451612903225
0.54 2.5806451612903225
0.56 2.5806451612903225
0.58 2.5806451612903225
0.6 2.5806451612903225
0.62 2.5806451612903225
0.64 2.5806451612903225
0.66 2.5806451612903225
0.68 2.5806451612903225
0.7000000000000001 2.5806451612903225
0.72 2.5806451612903225
0.74 2.5806451612903225
0.76 2.5806451612903225
0.78 2.5806451612903225
0.8 2.5806451612903225
0.8200000000000001 2.5806451612903225
0.84 2.5806451612903225
0.86 2.5806451612903225
0.88 3.870967741935484
0.9 3.870967741935484
0.92 3.870967741935484
0.9400000000000001 3.870967741935484
0.96 3.870967741935484
0.98 3.870967741935484
1.0 3.870967741935484
1.02 3.870967741935484
1.04 3.870967741935484
1.06 3.870967741935484
1.08 3.870967741935484
1.1 3.870967741935484
1.12 3.870967741935484
1.1400000000000001 3.870967741935484
1.16 3.870967741935484
1.18 3.870967741935484
1.2 3.870967741935484
1.22 3.870967741935484
1.24 3.870967741935484
1.26 3.870967741935484
1.28 3.870967741935484
1.3 3.870967741935484
1.32 3.870967741935484
1.34 3.870967741935484
1.36 3.870967741935484
1.3800000000000001 3.870967741935484
1.4000000000000001 3.870967741935484
1.42 3.870967741935484
1.44 3.870967741935484
1.46 3.870967741935484
1.48 3.870967741935484
1.5 5.161290322580645
1.52 3.870967741935484
1.54 3.870967741935484
1.56 5.161290322580645
1.58 5.161290322580645
1.6 5.161290322580645
1.62 5.161290322580645
1.6400000000000001 5.161290322580645
1.6600000000000001 5.161290322580645
1.68 5.161290322580645
1.7 5.161290322580645
1.72 5.161290322580645
1.74 5.161290322580645
1.76 5.161290322580645
1.78 5.161290322580645
1.8 5.161290322580645
1.82 5.161290322580645
1.84 5.161290322580645
1.86 5.161290322580645
1.8800000000000001 5.161290322580645
1.9000000000000001 5.161290322580645
1.92 5.161290322580645
1.94 5.161290322580645
1.96 5.161290322580645
1.98 5.161290322580645
2.0 5.161290322580645
2.02 5.161290322580645
2.04 5.161290322580645
2.06 5.161290322580645
2.08 5.161290322580645
2.1 5.161290322580645
2.12 5.161290322580645
2.14 5.161290322580645
2.16 5.161290322580645
2.18 5.161290322580645
2.2 5.161290322580645
2.22 5.161290322580645
2.24 5.161290322580645
2.2600000000000002 6.451612903225806
2.2800000000000002 5.161290322580645
2.3000000000000003 5.161290322580645
2.32 5.161290322580645
2.34 5.161290322580645
2.36 6.451612903225806
2.38 6.451612903225806
2.4 6.451612903225806
2.42 6.451612903225806
2.44 6.451612903225806
2.46 6.451612903225806
2.48 6.451612903225806
2.5 6.451612903225806
2.52 6.451612903225806
2.54 6.451612903225806
2.56 6.451612903225806
2.58 6.451612903225806
2.6 6.451612903225806
2.62 6.451612903225806
2.64 6.451612903225806
2.66 6.451612903225806
2.68 6.451612903225806
2.7 6.451612903225806
2.72 6.451612903225806
2.74 6.451612903225806
2.7600000000000002 6.451612903225806
2.7800000000000002 6.451612903225806
2.8000000000000003 6.451612903225806
2.82 6.451612903225806
2.84 6.451612903225806
2.86 6.451612903225806
2.88 6.451612903225806
2.9 6.451612903225806
2.92 6.451612903225806
2.94 6.451612903225806
2.96 6.451612903225806
2.98 6.451612903225806
3.0 7.741935483870968
3.02 7.741935483870968
3.04 7.741935483870968
3.06 7.741935483870968
3.08 7.741935483870968
3.1 7.741935483870968
3.12 7.741935483870968
3.14 7.741935483870968
3.16 7.741935483870968
3.18 7.741935483870968
3.2 7.741935483870968
3.22 7.741935483870968
3.24 7.741935483870968
3.2600000000000002 7.741935483870968
3.2800000000000002 7.741935483870968
3.3000000000000003 7.741935483870968
3.3200000000000003 7.741935483870968
3.34 7.741935483870968
3.36 7.741935483870968
3.38 7.741935483870968
3.4 7.741935483870968
3.42 7.741935483870968
3.44 7.741935483870968
3.46 7.741935483870968
3.48 7.741935483870968
3.5 7.741935483870968
3.52 7.741935483870968
3.54 7.741935483870968
3.56 7.741935483870968
3.58 7.741935483870968
3.6 7.741935483870968
3.62 7.741935483870968
3.64 7.741935483870968
3.66 7.741935483870968
3.68 7.741935483870968
3.7 7.741935483870968
3.72 7.741935483870968
3.74 7.741935483870968
3.7600000000000002 7.741935483870968
3.7800000000000002 7.741935483870968
3.8000000000000003 7.741935483870968
3.8200000000000003 7.741935483870968
3.84 7.741935483870968
3.86 7.741935483870968
3.88 7.741935483870968
3.9 7.741935483870968
3.92 7.741935483870968
3.94 7.741935483870968
3.96 7.741935483870968
3.98 7.741935483870968
4.0 7.741935483870968
4.0200000000000005 7.741935483870968
4.04 9.032258064516128
4.0600000000000005 9.032258064516128
4.08 9.032258064516128
4.1 9.032258064516128
4.12 9.032258064516128
4.14 9.032258064516128
4.16 9.032258064516128
4.18 9.032258064516128
4.2 9.032258064516128
4.22 9.032258064516128
4.24 9.032258064516128
4.26 9.032258064516128
4.28 9.032258064516128
4.3 9.032258064516128
4.32 9.032258064516128
4.34 9.032258064516128
4.36 9.032258064516128
4.38 9.032258064516128
4.4 9.032258064516128
4.42 9.032258064516128
4.44 9.032258064516128
4.46 9.032258064516128
4.48 9.032258064516128
4.5 9.032258064516128
4.5200000000000005 9.032258064516128
4.54 9.032258064516128
4.5600000000000005 9.032258064516128
4.58 9.032258064516128
4.6000000000000005 9.032258064516128
4.62 9.032258064516128
4.64 9.032258064516128
4.66 9.032258064516128
4.68 9.032258064516128
4.7 9.032258064516128
4.72 9.032258064516128
4.74 9.032258064516128
4.76 9.032258064516128
4.78 9.032258064516128
4.8 9.032258064516128
4.82 9.032258064516128
4.84 9.032258064516128
4.86 9.032258064516128
4.88 9.032258064516128
4.9 9.032258064516128
4.92 9.032258064516128
4.94 9.032258064516128
4.96 9.032258064516128
4.98 9.032258064516128
5.0 9.032258064516128
5.0200000000000005 9.032258064516128
5.04 9.032258064516128
5.0600000000000005 9.032258064516128
5.08 9.032258064516128
5.1000000000000005 9.032258064516128
5.12 9.032258064516128
5.14 9.032258064516128
5.16 9.032258064516128
5.18 9.032258064516128
5.2 9.032258064516128
5.22 9.032258064516128
5.24 9.032258064516128
5.26 9.032258064516128
5.28 9.032258064516128
5.3 9.032258064516128
5.32 9.032258064516128
5.34 9.032258064516128
5.36 9.032258064516128
5.38 9.032258064516128
5.4 9.032258064516128
5.42 9.032258064516128
5.44 9.032258064516128
5.46 9.032258064516128
5.48 9.032258064516128
5.5 9.032258064516128
5.5200000000000005 9.032258064516128
5.54 9.032258064516128
5.5600000000000005 9.032258064516128
5.58 9.032258064516128
5.6000000000000005 9.032258064516128
5.62 9.032258064516128
5.64 9.032258064516128
5.66 9.032258064516128
5.68 9.032258064516128
5.7 9.032258064516128
5.72 9.032258064516128
5.74 9.032258064516128
5.76 9.032258064516128
5.78 9.032258064516128
5.8 9.032258064516128
5.82 9.032258064516128
5.84 9.032258064516128
5.86 9.032258064516128
5.88 9.032258064516128
5.9 9.032258064516128
5.92 9.032258064516128
5.94 9.032258064516128
5.96 9.032258064516128
5.98 9.032258064516128
6.0 9.032258064516128
6.0200000000000005 9.032258064516128
6.04 9.032258064516128
6.0600000000000005 9.032258064516128
6.08 9.032258064516128
6.1000000000000005 9.032258064516128
6.12 9.032258064516128
6.140000000000001 9.032258064516128
6.16 9.032258064516128
6.18 9.032258064516128
6.2 9.032258064516128
6.22 9.032258064516128
6.24 9.032258064516128
6.26 9.032258064516128
6.28 9.032258064516128
6.3 9.032258064516128
6.32 9.032258064516128
6.34 9.032258064516128
6.36 9.032258064516128
6.38 9.032258064516128
6.4 9.032258064516128
6.42 9.032258064516128
6.44 9.032258064516128
6.46 9.032258064516128
6.48 9.032258064516128
6.5 9.032258064516128
6.5200000000000005 9.032258064516128
6.54 9.032258064516128
6.5600000000000005 9.032258064516128
6.58 9.032258064516128
6.6000000000000005 9.032258064516128
6.62 9.032258064516128
6.640000000000001 9.032258064516128
6.66 9.032258064516128
6.68 9.032258064516128
6.7 9.032258064516128
6.72 9.032258064516128
6.74 9.032258064516128
6.76 9.032258064516128
6.78 9.032258064516128
6.8 9.032258064516128
6.82 9.032258064516128
6.84 9.032258064516128
6.86 9.032258064516128
6.88 9.032258064516128
6.9 9.032258064516128
6.92 9.032258064516128
6.94 9.032258064516128
6.96 9.032258064516128
6.98 9.032258064516128
7.0 9.032258064516128
7.0200000000000005 9.032258064516128
7.04 9.032258064516128
7.0600000000000005 9.032258064516128
7.08 9.032258064516128
7.1000000000000005 9.032258064516128
7.12 9.032258064516128
7.140000000000001 9.032258064516128
7.16 9.032258064516128
7.18 9.032258064516128
7.2 9.032258064516128
7.22 9.032258064516128
7.24 9.032258064516128
7.26 9.032258064516128
7.28 9.032258064516128
7.3 9.032258064516128
7.32 9.032258064516128
7.34 9.032258064516128
7.36 9.032258064516128
7.38 9.032258064516128
7.4 9.032258064516128
7.42 9.032258064516128
7.44 9.032258064516128
7.46 9.032258064516128
7.48 9.032258064516128
7.5 9.032258064516128
7.5200000000000005 9.032258064516128
7.54 9.032258064516128
7.5600000000000005 9.032258064516128
7.58 9.032258064516128
7.6000000000000005 9.032258064516128
7.62 9.032258064516128
7.640000000000001 9.032258064516128
7.66 9.032258064516128
7.68 9.032258064516128
7.7 9.032258064516128
7.72 9.032258064516128
7.74 9.032258064516128
7.76 9.032258064516128
7.78 9.032258064516128
7.8 9.032258064516128
7.82 9.032258064516128
7.84 9.032258064516128
7.86 9.032258064516128
7.88 9.032258064516128
7.9 9.032258064516128
7.92 9.032258064516128
7.94 9.032258064516128
7.96 9.032258064516128
7.98 7.741935483870968
8.0 9.032258064516128
8.02 9.032258064516128
8.040000000000001 9.032258064516128
8.06 9.032258064516128
8.08 9.032258064516128
8.1 9.032258064516128
8.120000000000001 9.032258064516128
8.14 2.5806451612903225
8.16 6.451612903225806
8.18 9.032258064516128
8.2 -0.0
8.22 6.451612903225806
