0.0 -0.0
0.02 -0.0
0.04 -0.0
0.06 -0.0
0.08 -0.0
0.1 1.2903225806451613
0.12 1.2903225806451613
0.14 1.2903225806451613
0.16 1.2903225806451613
0.18 1.2903225806451613
0.2 1.2903225806451613
0.22 2.5806451612903225
0.24 2.5806451612903225
0.26 2.5806451612903225
0.28 2.5806451612903225
0.3 2.5806451612903225
0.32 2.5806451612903225
0.34 2.5806451612903225
0.36 3.870967741935484
0.38 3.870967741935484
0.4 3.870967741935484
0.42 3.870967741935484
0.44 3.870967741935484
0.46 3.870967741935484
0.48 3.870967741935484
0.5 3.870967741935484
0.52 3.870967741935484
0.54 5.161290322580645
0.56 5.161290322580645
0.58 5.161290322580645
0.6 5.161290322580645
0.62 5.161290322580645
0.64 5.161290322580645
0.66 5.161290322580645
0.68 6.451612903225806
0.7000000000000001 6.451612903225806
0.72 6.451612903225806
0.74 6.451612903225806
0.76 6.451612903225806
0.78 7.741935483870968
0.8 7.741935483870968
0.8200000000000001 7.741935483870968
0.84 7.741935483870968
0.86 7.741935483870968
0.88 7.741935483870968
0.9 7.741935483870968
0.92 7.741935483870968
0.9400000000000001 7.741935483870968
0.96 7.741935483870968
0.98 7.741935483870968
1.0 7.741935483870968
1.02 7.741935483870968
1.04 7.741935483870968
1.06 7.741935483870968
1.08 7.741935483870968
1.1 7.741935483870968
1.12 7.741935483870968
1.1400000000000001 5.161290322580645
1.16 7.741935483870968
1.18 7.741935483870968
1.2 5.161290322580645
1.22 3.870967741935484
1.24 5.161290322580645
