0.0 -0.0
0.02 -0.0
0.04 -0.0
0.06 -0.0
0.08 -0.0
0.1 1.2903225806451613
0.12 1.2903225806451613
0.14 1.2903225806451613
0.16 1.2903225806451613
0.18 3.870967741935484
0.2 3.870967741935484
0.22 3.870967741935484
0.24 2.5806451612903225
0.26 2.5806451612903225
0.28 2.5806451612903225
0.3 5.161290322580645
0.32 3.870967741935484
0.34 3.870967741935484
0.36 3.870967741935484
0.38 3.870967741935484
0.4 3.870967741935484
0.42 3.870967741935484
0.44 3.870967741935484
0.46 3.870967741935484
0.48 3.870967741935484
0.5 3.870967741935484
0.52 5.161290322580645
0.54 3.870967741935484
0.56 5.161290322580645
0.58 5.161290322580645
0.6 5.161290322580645
0.62 5.161290322580645
0.64 5.161290322580645
0.66 5.161290322580645
0.68 6.451612903225806
0.7000000000000001 6.451612903225806
0.72 5.161290322580645
0.74 5.161290322580645
0.76 5.161290322580645
0.78 6.451612903225806
0.8 5.161290322580645
0.8200000000000001 6.451612903225806
0.84 6.451612903225806
0.86 6.451612903225806
0.88 6.451612903225806
0.9 6.451612903225806
0.92 6.451612903225806
0.9400000000000001 6.451612903225806
0.96 6.451612903225806
0.98 6.451612903225806
1.0 7.741935483870968
1.02 6.451612903225806
1.04 6.451612903225806
1.06 7.741935483870968
1.08 6.451612903225806
1.1 7.741935483870968
1.12 6.451612903225806
1.1400000000000001 6.451612903225806
1.16 7.741935483870968
1.18 7.741935483870968
1.2 7.741935483870968
1.22 7.741935483870968
1.24 7.741935483870968
1.26 7.741935483870968
1.28 7.741935483870968
1.3 7.741935483870968
1.32 7.741935483870968
1.34 7.741935483870968
1.36 7.741935483870968
1.3800000000000001 7.741935483870968
1.4000000000000001 7.741935483870968
1.42 7.741935483870968
1.44 7.741935483870968
1.46 7.741935483870968
1.48 7.741935483870968
1.5 7.741935483870968
1.52 7.741935483870968
1.54 7.741935483870968
1.56 9.032258064516128
1.58 7.741935483870968
1.6 9.032258064516128
1.62 9.032258064516128
1.6400000000000001 9.032258064516128
1.6600000000000001 9.032258064516128
1.68 9.032258064516128
1.7 9.032258064516128
1.72 9.032258064516128
1.74 9.032258064516128
1.76 9.032258064516128
1.78 9.032258064516128
1.8 9.032258064516128
1.82 9.032258064516128
1.84 9.032258064516128
1.86 9.032258064516128
1.8800000000000001 9.032258064516128
1.9000000000000001 9.032258064516128
1.92 9.032258064516128
1.94 9.032258064516128
1.96 9.032258064516128
1.98 9.032258064516128
2.0 9.032258064516128
2.02 9.032258064516128
2.04 9.032258064516128
2.06 9.032258064516128
2.08 9.032258064516128
2.1 9.032258064516128
2.12 9.032258064516128
2.14 9.032258064516128
2.16 9.032258064516128
2.18 9.032258064516128
2.2 9.032258064516128
2.22 9.032258064516128
2.24 9.032258064516128
2.2600000000000002 9.032258064516128
2.2800000000000002 9.032258064516128
2.3000000000000003 9.032258064516128
2.32 9.032258064516128
2.34 9.032258064516128
2.36 9.032258064516128
2.38 9.032258064516128
2.4 9.032258064516128
2.42 6.451612903225806
2.44 7.741935483870968
2.46 7.741935483870968
2.48 7.741935483870968
2.5 9.032258064516128
2.52 9.032258064516128
2.54 9.032258064516128
2.56 9.032258064516128
2.58 9.032258064516128
2.6 9.032258064516128
2.62 9.032258064516128
2.64 6.451612903225806
2.66 7.741935483870968
2.68 9.032258064516128
