0.0 -0.0
0.02 -0.0
0.04 2.5806451612903225
0.06 3.870967741935484
0.08 3.870967741935484
0.1 5.161290322580645
0.12 5.161290322580645
0.14 5.161290322580645
0.16 5.161290322580645
0.18 5.161290322580645
0.2 5.161290322580645
0.22 5.161290322580645
0.24 5.161290322580645
0.26 5.161290322580645
0.28 5.161290322580645
0.3 6.451612903225806
0.32 6.451612903225806
0.34 6.451612903225806
0.36 6.451612903225806
0.38 6.451612903225806
0.4 6.451612903225806
0.42 6.451612903225806
0.44 7.741935483870968
0.46 7.741935483870968
0.48 7.741935483870968
0.5 7.741935483870968
0.52 7.741935483870968
0.54 9.032258064516128
0.56 10.32258064516129
0.58 11.612903225806452
