0.0 -0.0
0.02 1.2903225806451613
0.04 2.5806451612903225
0.06 3.870967741935484
0.08 3.870967741935484
0.1 3.870967741935484
0.12 5.161290322580645
0.14 5.161290322580645
0.16 5.161290322580645
0.18 6.451612903225806
0.2 6.451612903225806
0.22 6.451612903225806
0.24 6.451612903225806
0.26 6.451612903225806
0.28 7.741935483870968
0.3 7.741935483870968
0.32 7.741935483870968
0.34 7.741935483870968
0.36 9.032258064516128
0.38 9.032258064516128
0.4 9.032258064516128
0.42 9.032258064516128
0.44 9.032258064516128
0.46 9.032258064516128
0.48 9.032258064516128
0.5 9.032258064516128
0.52 9.032258064516128
0.54 9.032258064516128
0.56 9.032258064516128
0.58 9.032258064516128
0.6 7.741935483870968
0.62 9.032258064516128
0.64 6.451612903225806
0.66 6.451612903225806
0.68 7.741935483870968
0.7000000000000001 5.161290322580645
