0.0 -0.0
0.02 -0.0
0.04 -0.0
0.06 -0.0
0.08 -0.0
0.1 1.2903225806451613
0.12 1.2903225806451613
0.14 1.2903225806451613
0.16 1.2903225806451613
0.18 -0.0
0.2 1.2903225806451613
0.22 1.2903225806451613
0.24 1.2903225806451613
0.26 1.2903225806451613
0.28 1.2903225806451613
0.3 1.2903225806451613
0.32 1.2903225806451613
0.34 2.5806451612903225
0.36 2.5806451612903225
0.38 2.5806451612903225
0.4 2.5806451612903225
0.42 2.5806451612903225
0.44 2.5806451612903225
0.46 2.5806451612903225
0.48 2.5806451612903225
0.5 2.5806451612903225
0.52 2.5806451612903225
0.54 2.5806451612903225
0.56 2.5806451612903225
0.58 2.5806451612903225
0.6 2.5806451612903225
0.62 2.5806451612903225
0.64 3.870967741935484
0.66 3.870967741935484
0.68 3.870967741935484
0.7000000000000001 3.870967741935484
0.72 3.870967741935484
0.74 3.870967741935484
0.76 3.870967741935484
0.78 3.870967741935484
0.8 3.870967741935484
0.8200000000000001 3.870967741935484
0.84 3.870967741935484
0.86 3.870967741935484
0.88 3.870967741935484
0.9 3.870967741935484
0.92 3.870967741935484
0.9400000000000001 3.870967741935484
0.96 3.870967741935484
0.98 5.161290322580645
1.0 3.870967741935484
1.02 5.161290322580645
1.04 5.161290322580645
1.06 5.161290322580645
1.08 5.161290322580645
1.1 5.161290322580645
1.12 5.161290322580645
1.1400000000000001 5.161290322580645
1.16 5.161290322580645
1.18 5.161290322580645
1.2 5.161290322580645
1.22 5.161290322580645
1.24 5.161290322580645
1.26 5.161290322580645
1.28 6.451612903225806
1.3 6.451612903225806
1.32 6.451612903225806
1.34 6.451612903225806
1.36 6.451612903225806
1.3800000000000001 6.451612903225806
1.4000000000000001 6.451612903225806
1.42 6.451612903225806
1.44 6.451612903225806
1.46 6.451612903225806
1.48 6.451612903225806
1.5 7.741935483870968
1.52 7.741935483870968
1.54 7.741935483870968
1.56 7.741935483870968
1.58 7.741935483870968
1.6 7.741935483870968
1.62 9.032258064516128
1.6400000000000001 9.032258064516128
1.6600000000000001 9.032258064516128
1.68 9.032258064516128
1.7 9.032258064516128
1.72 10.32258064516129
1.74 10.32258064516129
1.76 11.612903225806452
1.78 12.903225806451612
1.8 12.903225806451612
1.82 14.193548387096774
1.84 15.483870967741936
1.86 15.483870967741936
1.8800000000000001 18.064516129032256
1.9000000000000001 -5.161290322580645
