res_exp_1 18.70967741935484 11.612903225806452 5
res_exp_2 21.29032258064516 10.32258064516129 8
res_exp_3 21.29032258064516 11.612903225806452 8
res_exp_4 23.870967741935484 10.32258064516129 8
res_exp_5 21.93548387096774 11.612903225806452 8
res_exp_6 21.93548387096774 10.32258064516129 9
res_exp_7 24.516129032258064 11.612903225806452 9
res_exp_8 32.25806451612903 11.612903225806452 10
res_exp_9 18.70967741935484 10.32258064516129 10
res_exp_10 33.54838709677419 10.32258064516129 10
res_exp_11 29.677419354838708 9.032258064516128 10
res_exp_12 20.0 9.032258064516128 7
res_exp_13 21.93548387096774 9.032258064516128 7
res_exp_14 19.35483870967742 10.32258064516129 7
res_exp_15 16.774193548387096 9.032258064516128 8
res_exp_16 23.870967741935484 9.032258064516128 8
res_exp_17 24.516129032258064 9.032258064516128 8
res_exp_18 22.58064516129032 9.032258064516128 8
res_exp_19 25.806451612903224 9.032258064516128 9
res_exp_20 25.161290322580644 9.032258064516128 9
