0.0 -0.0
0.02 1.2903225806451613
0.04 1.2903225806451613
0.06 1.2903225806451613
0.08 2.5806451612903225
0.1 2.5806451612903225
0.12 2.5806451612903225
0.14 2.5806451612903225
0.16 2.5806451612903225
0.18 2.5806451612903225
0.2 2.5806451612903225
0.22 2.5806451612903225
0.24 2.5806451612903225
0.26 2.5806451612903225
0.28 2.5806451612903225
0.3 2.5806451612903225
0.32 2.5806451612903225
0.34 2.5806451612903225
0.36 2.5806451612903225
0.38 2.5806451612903225
0.4 2.5806451612903225
0.42 2.5806451612903225
0.44 2.5806451612903225
0.46 2.5806451612903225
0.48 2.5806451612903225
0.5 2.5806451612903225
0.52 3.870967741935484
0.54 3.870967741935484
0.56 3.870967741935484
0.58 3.870967741935484
0.6 3.870967741935484
0.62 3.870967741935484
0.64 3.870967741935484
0.66 3.870967741935484
0.68 3.870967741935484
0.7000000000000001 3.870967741935484
0.72 3.870967741935484
0.74 3.870967741935484
0.76 3.870967741935484
0.78 3.870967741935484
0.8 3.870967741935484
0.8200000000000001 3.870967741935484
0.84 3.870967741935484
0.86 3.870967741935484
0.88 3.870967741935484
0.9 3.870967741935484
0.92 3.870967741935484
0.9400000000000001 3.870967741935484
0.96 3.870967741935484
0.98 3.870967741935484
1.0 3.870967741935484
1.02 3.870967741935484
1.04 3.870967741935484
1.06 3.870967741935484
1.08 3.870967741935484
1.1 3.870967741935484
1.12 3.870967741935484
1.1400000000000001 3.870967741935484
1.16 3.870967741935484
1.18 3.870967741935484
1.2 3.870967741935484
1.22 3.870967741935484
1.24 3.870967741935484
1.26 3.870967741935484
1.28 3.870967741935484
1.3 3.870967741935484
1.32 3.870967741935484
1.34 3.870967741935484
1.36 3.870967741935484
1.3800000000000001 3.870967741935484
1.4000000000000001 3.870967741935484
1.42 3.870967741935484
1.44 3.870967741935484
1.46 3.870967741935484
1.48 3.870967741935484
1.5 3.870967741935484
1.52 3.870967741935484
1.54 3.870967741935484
1.56 3.870967741935484
1.58 3.870967741935484
1.6 3.870967741935484
1.62 3.870967741935484
1.6400000000000001 3.870967741935484
1.6600000000000001 3.870967741935484
1.68 3.870967741935484
1.7 3.870967741935484
1.72 3.870967741935484
1.74 3.870967741935484
1.76 3.870967741935484
1.78 3.870967741935484
1.8 3.870967741935484
1.82 3.870967741935484
1.84 3.870967741935484
1.86 3.870967741935484
1.8800000000000001 3.870967741935484
1.9000000000000001 3.870967741935484
1.92 3.870967741935484
1.94 3.870967741935484
1.96 3.870967741935484
1.98 3.870967741935484
2.0 3.870967741935484
2.02 3.870967741935484
2.04 3.870967741935484
2.06 3.870967741935484
2.08 3.870967741935484
2.1 3.870967741935484
2.12 3.870967741935484
2.14 3.870967741935484
2.16 3.870967741935484
2.18 3.870967741935484
2.2 3.870967741935484
2.22 3.870967741935484
2.24 3.870967741935484
2.2600000000000002 3.870967741935484
2.2800000000000002 3.870967741935484
2.3000000000000003 3.870967741935484
2.32 3.870967741935484
2.34 3.870967741935484
2.36 3.870967741935484
2.38 3.870967741935484
2.4 3.870967741935484
2.42 3.870967741935484
2.44 3.870967741935484
2.46 3.870967741935484
2.48 3.870967741935484
2.5 3.870967741935484
2.52 3.870967741935484
2.54 3.870967741935484
2.56 3.870967741935484
2.58 3.870967741935484
2.6 3.870967741935484
2.62 3.870967741935484
2.64 3.870967741935484
2.66 3.870967741935484
2.68 3.870967741935484
2.7 3.870967741935484
2.72 3.870967741935484
2.74 3.870967741935484
2.7600000000000002 3.870967741935484
2.7800000000000002 3.870967741935484
2.8000000000000003 3.870967741935484
2.82 3.870967741935484
2.84 3.870967741935484
2.86 3.870967741935484
2.88 3.870967741935484
2.9 3.870967741935484
2.92 3.870967741935484
2.94 3.870967741935484
2.96 3.870967741935484
2.98 3.870967741935484
3.0 3.870967741935484
3.02 3.870967741935484
3.04 3.870967741935484
3.06 3.870967741935484
3.08 3.870967741935484
3.1 3.870967741935484
3.12 3.870967741935484
3.14 3.870967741935484
3.16 3.870967741935484
3.18 3.870967741935484
3.2 3.870967741935484
3.22 3.870967741935484
3.24 3.870967741935484
3.2600000000000002 3.870967741935484
3.2800000000000002 3.870967741935484
3.3000000000000003 3.870967741935484
3.3200000000000003 3.870967741935484
3.34 3.870967741935484
3.36 3.870967741935484
3.38 3.870967741935484
3.4 3.870967741935484
3.42 3.870967741935484
3.44 3.870967741935484
3.46 3.870967741935484
3.48 3.870967741935484
3.5 3.870967741935484
3.52 3.870967741935484
3.54 3.870967741935484
3.56 3.870967741935484
3.58 3.870967741935484
3.6 3.870967741935484
3.62 3.870967741935484
3.64 3.870967741935484
3.66 3.870967741935484
3.68 3.870967741935484
3.7 3.870967741935484
3.72 3.870967741935484
3.74 3.870967741935484
3.7600000000000002 3.870967741935484
3.7800000000000002 3.870967741935484
3.8000000000000003 3.870967741935484
3.8200000000000003 3.870967741935484
3.84 3.870967741935484
3.86 3.870967741935484
3.88 3.870967741935484
3.9 3.870967741935484
3.92 3.870967741935484
3.94 3.870967741935484
3.96 3.870967741935484
3.98 3.870967741935484
4.0 3.870967741935484
4.0200000000000005 3.870967741935484
4.04 3.870967741935484
4.0600000000000005 3.870967741935484
4.08 3.870967741935484
4.1 3.870967741935484
4.12 3.870967741935484
4.14 3.870967741935484
4.16 3.870967741935484
4.18 3.870967741935484
4.2 3.870967741935484
4.22 3.870967741935484
4.24 3.870967741935484
4.26 3.870967741935484
4.28 3.870967741935484
4.3 3.870967741935484
4.32 3.870967741935484
4.34 3.870967741935484
4.36 3.870967741935484
4.38 3.870967741935484
4.4 3.870967741935484
4.42 3.870967741935484
4.44 3.870967741935484
4.46 3.870967741935484
4.48 3.870967741935484
4.5 3.870967741935484
4.5200000000000005 3.870967741935484
4.54 3.870967741935484
4.5600000000000005 3.870967741935484
4.58 3.870967741935484
4.6000000000000005 3.870967741935484
4.62 3.870967741935484
4.64 3.870967741935484
4.66 3.870967741935484
4.68 3.870967741935484
4.7 3.870967741935484
4.72 3.870967741935484
4.74 3.870967741935484
4.76 3.870967741935484
4.78 3.870967741935484
