0.0 -0.0
0.02 -0.0
0.04 -0.0
0.06 -0.0
0.08 -0.0
0.1 -0.0
0.12 -0.0
0.14 -0.0
0.16 -0.0
0.18 -0.0
0.2 -0.0
0.22 -0.0
0.24 -0.0
0.26 -0.0
0.28 -0.0
0.3 -0.0
0.32 -0.0
0.34 1.2903225806451613
0.36 1.2903225806451613
0.38 1.2903225806451613
0.4 2.5806451612903225
0.42 2.5806451612903225
0.44 1.2903225806451613
0.46 1.2903225806451613
0.48 2.5806451612903225
0.5 1.2903225806451613
0.52 1.2903225806451613
0.54 1.2903225806451613
0.56 1.2903225806451613
0.58 1.2903225806451613
0.6 1.2903225806451613
0.62 1.2903225806451613
0.64 1.2903225806451613
0.66 1.2903225806451613
0.68 1.2903225806451613
0.7000000000000001 1.2903225806451613
0.72 1.2903225806451613
0.74 1.2903225806451613
0.76 1.2903225806451613
0.78 1.2903225806451613
0.8 1.2903225806451613
0.8200000000000001 1.2903225806451613
0.84 1.2903225806451613
0.86 1.2903225806451613
0.88 1.2903225806451613
0.9 2.5806451612903225
0.92 1.2903225806451613
0.9400000000000001 2.5806451612903225
0.96 1.2903225806451613
0.98 1.2903225806451613
1.0 2.5806451612903225
1.02 2.5806451612903225
1.04 2.5806451612903225
1.06 2.5806451612903225
1.08 2.5806451612903225
1.1 2.5806451612903225
1.12 2.5806451612903225
1.1400000000000001 2.5806451612903225
1.16 2.5806451612903225
1.18 2.5806451612903225
1.2 2.5806451612903225
1.22 2.5806451612903225
1.24 2.5806451612903225
1.26 2.5806451612903225
1.28 2.5806451612903225
1.3 2.5806451612903225
1.32 2.5806451612903225
1.34 2.5806451612903225
1.36 2.5806451612903225
1.3800000000000001 2.5806451612903225
1.4000000000000001 2.5806451612903225
1.42 2.5806451612903225
1.44 2.5806451612903225
1.46 2.5806451612903225
1.48 2.5806451612903225
1.5 2.5806451612903225
1.52 2.5806451612903225
1.54 2.5806451612903225
1.56 3.870967741935484
1.58 2.5806451612903225
1.6 2.5806451612903225
1.62 2.5806451612903225
1.6400000000000001 2.5806451612903225
1.6600000000000001 3.870967741935484
1.68 3.870967741935484
1.7 3.870967741935484
1.72 3.870967741935484
1.74 2.5806451612903225
1.76 3.870967741935484
1.78 3.870967741935484
1.8 3.870967741935484
1.82 3.870967741935484
1.84 3.870967741935484
1.86 3.870967741935484
1.8800000000000001 3.870967741935484
1.9000000000000001 3.870967741935484
1.92 3.870967741935484
1.94 3.870967741935484
1.96 3.870967741935484
1.98 3.870967741935484
2.0 3.870967741935484
2.02 3.870967741935484
2.04 3.870967741935484
2.06 3.870967741935484
2.08 3.870967741935484
2.1 3.870967741935484
2.12 3.870967741935484
2.14 3.870967741935484
2.16 3.870967741935484
2.18 3.870967741935484
2.2 3.870967741935484
2.22 3.870967741935484
2.24 3.870967741935484
2.2600000000000002 3.870967741935484
2.2800000000000002 3.870967741935484
2.3000000000000003 5.161290322580645
2.32 5.161290322580645
2.34 5.161290322580645
2.36 5.161290322580645
2.38 5.161290322580645
2.4 3.870967741935484
2.42 3.870967741935484
2.44 5.161290322580645
2.46 5.161290322580645
2.48 5.161290322580645
2.5 5.161290322580645
2.52 5.161290322580645
2.54 5.161290322580645
2.56 5.161290322580645
2.58 5.161290322580645
2.6 5.161290322580645
2.62 5.161290322580645
2.64 5.161290322580645
2.66 5.161290322580645
2.68 5.161290322580645
2.7 5.161290322580645
2.72 5.161290322580645
2.74 5.161290322580645
2.7600000000000002 5.161290322580645
2.7800000000000002 5.161290322580645
2.8000000000000003 5.161290322580645
2.82 5.161290322580645
2.84 5.161290322580645
2.86 5.161290322580645
2.88 5.161290322580645
2.9 5.161290322580645
2.92 5.161290322580645
2.94 5.161290322580645
2.96 5.161290322580645
2.98 5.161290322580645
3.0 5.161290322580645
3.02 5.161290322580645
3.04 5.161290322580645
3.06 5.161290322580645
3.08 5.161290322580645
3.1 5.161290322580645
3.12 5.161290322580645
3.14 6.451612903225806
3.16 6.451612903225806
3.18 6.451612903225806
3.2 6.451612903225806
3.22 6.451612903225806
3.24 7.741935483870968
3.2600000000000002 -0.0
3.2800000000000002 -0.0
3.3000000000000003 -0.0
3.3200000000000003 -0.0
3.34 -0.0
3.36 -0.0
3.38 -0.0
