0.0 -0.0
0.02 -0.0
0.04 -0.0
0.06 -0.0
0.08 -0.0
0.1 -0.0
0.12 -0.0
0.14 -0.0
0.16 -0.0
0.18 -0.0
0.2 -0.0
0.22 -0.0
0.24 -0.0
0.26 -0.0
0.28 -0.0
0.3 -0.0
0.32 -0.0
0.34 -0.0
0.36 1.2903225806451613
0.38 2.5806451612903225
0.4 1.2903225806451613
0.42 1.2903225806451613
0.44 2.5806451612903225
0.46 1.2903225806451613
0.48 1.2903225806451613
0.5 1.2903225806451613
0.52 1.2903225806451613
0.54 1.2903225806451613
0.56 1.2903225806451613
0.58 1.2903225806451613
0.6 1.2903225806451613
0.62 1.2903225806451613
0.64 1.2903225806451613
0.66 1.2903225806451613
0.68 1.2903225806451613
0.7000000000000001 1.2903225806451613
0.72 3.870967741935484
0.74 3.870967741935484
0.76 2.5806451612903225
0.78 2.5806451612903225
0.8 2.5806451612903225
0.8200000000000001 2.5806451612903225
0.84 2.5806451612903225
0.86 2.5806451612903225
0.88 2.5806451612903225
0.9 2.5806451612903225
0.92 2.5806451612903225
0.9400000000000001 1.2903225806451613
0.96 3.870967741935484
0.98 3.870967741935484
1.0 3.870967741935484
1.02 3.870967741935484
1.04 3.870967741935484
1.06 3.870967741935484
1.08 3.870967741935484
1.1 3.870967741935484
1.12 5.161290322580645
1.1400000000000001 5.161290322580645
1.16 5.161290322580645
1.18 5.161290322580645
1.2 6.451612903225806
1.22 6.451612903225806
1.24 7.741935483870968
1.26 7.741935483870968
1.28 -0.0
1.3 -0.0
1.32 -0.0
1.34 -0.0
1.36 -0.0
1.3800000000000001 -0.0
1.4000000000000001 -0.0
1.42 -0.0
1.44 -0.0
1.46 -0.0
1.48 -0.0
1.5 -0.0
1.52 -0.0
1.54 -0.0
1.56 -0.0
1.58 -0.0
