0.0 -0.0
0.02 -0.0
0.04 -0.0
0.06 1.2903225806451613
0.08 1.2903225806451613
0.1 1.2903225806451613
0.12 1.2903225806451613
0.14 2.5806451612903225
0.16 2.5806451612903225
0.18 2.5806451612903225
0.2 2.5806451612903225
0.22 3.870967741935484
0.24 3.870967741935484
0.26 3.870967741935484
0.28 3.870967741935484
0.3 3.870967741935484
0.32 3.870967741935484
0.34 3.870967741935484
0.36 3.870967741935484
0.38 3.870967741935484
0.4 5.161290322580645
0.42 5.161290322580645
0.44 5.161290322580645
0.46 5.161290322580645
0.48 5.161290322580645
0.5 5.161290322580645
0.52 5.161290322580645
0.54 6.451612903225806
0.56 5.161290322580645
0.58 6.451612903225806
0.6 6.451612903225806
0.62 6.451612903225806
0.64 6.451612903225806
0.66 6.451612903225806
0.68 6.451612903225806
0.7000000000000001 6.451612903225806
0.72 6.451612903225806
0.74 6.451612903225806
0.76 6.451612903225806
0.78 6.451612903225806
0.8 6.451612903225806
0.8200000000000001 6.451612903225806
0.84 6.451612903225806
0.86 6.451612903225806
0.88 6.451612903225806
0.9 6.451612903225806
0.92 6.451612903225806
0.9400000000000001 6.451612903225806
0.96 6.451612903225806
0.98 6.451612903225806
1.0 6.451612903225806
1.02 6.451612903225806
1.04 6.451612903225806
1.06 6.451612903225806
1.08 6.451612903225806
1.1 6.451612903225806
1.12 6.451612903225806
1.1400000000000001 6.451612903225806
1.16 6.451612903225806
1.18 6.451612903225806
1.2 6.451612903225806
1.22 6.451612903225806
1.24 6.451612903225806
1.26 6.451612903225806
1.28 1.2903225806451613
1.3 2.5806451612903225
