0.0 -0.0
0.02 -0.0
0.04 -0.0
0.06 -0.0
0.08 -0.0
0.1 -0.0
0.12 -0.0
0.14 1.2903225806451613
0.16 1.2903225806451613
0.18 1.2903225806451613
0.2 1.2903225806451613
0.22 1.2903225806451613
0.24 1.2903225806451613
0.26 2.5806451612903225
0.28 2.5806451612903225
0.3 2.5806451612903225
0.32 2.5806451612903225
0.34 2.5806451612903225
0.36 2.5806451612903225
0.38 2.5806451612903225
0.4 2.5806451612903225
0.42 2.5806451612903225
0.44 2.5806451612903225
0.46 3.870967741935484
0.48 3.870967741935484
0.5 3.870967741935484
0.52 6.451612903225806
0.54 6.451612903225806
0.56 7.741935483870968
0.58 7.741935483870968
0.6 7.741935483870968
0.62 7.741935483870968
0.64 7.741935483870968
