0.0 -0.0
0.02 1.2903225806451613
0.04 1.2903225806451613
0.06 2.5806451612903225
0.08 2.5806451612903225
0.1 2.5806451612903225
0.12 2.5806451612903225
0.14 2.5806451612903225
0.16 3.870967741935484
0.18 2.5806451612903225
0.2 3.870967741935484
0.22 3.870967741935484
0.24 2.5806451612903225
0.26 3.870967741935484
0.28 3.870967741935484
0.3 3.870967741935484
0.32 3.870967741935484
0.34 5.161290322580645
0.36 5.161290322580645
0.38 5.161290322580645
0.4 3.870967741935484
0.42 5.161290322580645
0.44 5.161290322580645
0.46 5.161290322580645
0.48 5.161290322580645
0.5 3.870967741935484
0.52 5.161290322580645
0.54 5.161290322580645
0.56 5.161290322580645
0.58 5.161290322580645
0.6 5.161290322580645
0.62 5.161290322580645
0.64 5.161290322580645
0.66 5.161290322580645
0.68 5.161290322580645
0.7000000000000001 5.161290322580645
0.72 5.161290322580645
0.74 5.161290322580645
0.76 5.161290322580645
0.78 6.451612903225806
0.8 5.161290322580645
0.8200000000000001 6.451612903225806
0.84 6.451612903225806
0.86 6.451612903225806
0.88 6.451612903225806
0.9 6.451612903225806
0.92 6.451612903225806
0.9400000000000001 6.451612903225806
0.96 6.451612903225806
0.98 6.451612903225806
1.0 6.451612903225806
1.02 6.451612903225806
1.04 6.451612903225806
1.06 6.451612903225806
1.08 6.451612903225806
1.1 6.451612903225806
1.12 6.451612903225806
1.1400000000000001 6.451612903225806
1.16 6.451612903225806
1.18 6.451612903225806
1.2 6.451612903225806
1.22 2.5806451612903225
1.24 6.451612903225806
1.26 6.451612903225806
1.28 7.741935483870968
1.3 2.5806451612903225
1.32 6.451612903225806
1.34 7.741935483870968
1.36 6.451612903225806
1.3800000000000001 7.741935483870968
1.4000000000000001 7.741935483870968
1.42 7.741935483870968
1.44 7.741935483870968
1.46 7.741935483870968
1.48 7.741935483870968
1.5 7.741935483870968
1.52 2.5806451612903225
1.54 3.870967741935484
1.56 3.870967741935484
1.58 3.870967741935484
1.6 3.870967741935484
1.62 3.870967741935484
1.6400000000000001 3.870967741935484
1.6600000000000001 3.870967741935484
1.68 3.870967741935484
1.7 3.870967741935484
1.72 3.870967741935484
1.74 3.870967741935484
1.76 9.032258064516128
1.78 9.032258064516128
1.8 9.032258064516128
1.82 3.870967741935484
1.84 2.5806451612903225
1.86 2.5806451612903225
1.8800000000000001 2.5806451612903225
1.9000000000000001 2.5806451612903225
1.92 2.5806451612903225
1.94 2.5806451612903225
1.96 2.5806451612903225
1.98 2.5806451612903225
2.0 3.870967741935484
2.02 3.870967741935484
2.04 3.870967741935484
2.06 11.612903225806452
2.08 12.903225806451612
2.1 14.193548387096774
