0.0 -0.0
0.02 1.2903225806451613
0.04 1.2903225806451613
0.06 1.2903225806451613
0.08 1.2903225806451613
0.1 1.2903225806451613
0.12 1.2903225806451613
0.14 1.2903225806451613
0.16 1.2903225806451613
0.18 1.2903225806451613
0.2 1.2903225806451613
0.22 1.2903225806451613
0.24 1.2903225806451613
0.26 1.2903225806451613
0.28 1.2903225806451613
0.3 1.2903225806451613
0.32 1.2903225806451613
0.34 1.2903225806451613
0.36 2.5806451612903225
0.38 2.5806451612903225
0.4 2.5806451612903225
0.42 2.5806451612903225
0.44 2.5806451612903225
0.46 2.5806451612903225
0.48 2.5806451612903225
0.5 2.5806451612903225
0.52 2.5806451612903225
0.54 2.5806451612903225
0.56 2.5806451612903225
0.58 2.5806451612903225
0.6 2.5806451612903225
0.62 2.5806451612903225
0.64 3.870967741935484
0.66 3.870967741935484
0.68 3.870967741935484
0.7000000000000001 3.870967741935484
0.72 3.870967741935484
0.74 3.870967741935484
0.76 3.870967741935484
0.78 3.870967741935484
0.8 3.870967741935484
0.8200000000000001 3.870967741935484
0.84 3.870967741935484
0.86 3.870967741935484
0.88 3.870967741935484
0.9 3.870967741935484
0.92 3.870967741935484
0.9400000000000001 3.870967741935484
0.96 3.870967741935484
0.98 3.870967741935484
1.0 3.870967741935484
1.02 3.870967741935484
1.04 3.870967741935484
1.06 3.870967741935484
1.08 3.870967741935484
1.1 5.161290322580645
1.12 5.161290322580645
1.1400000000000001 3.870967741935484
1.16 3.870967741935484
1.18 5.161290322580645
1.2 5.161290322580645
1.22 5.161290322580645
1.24 5.161290322580645
1.26 5.161290322580645
1.28 5.161290322580645
1.3 5.161290322580645
1.32 5.161290322580645
1.34 5.161290322580645
1.36 5.161290322580645
1.3800000000000001 5.161290322580645
1.4000000000000001 5.161290322580645
1.42 5.161290322580645
1.44 5.161290322580645
1.46 5.161290322580645
1.48 5.161290322580645
1.5 5.161290322580645
1.52 5.161290322580645
1.54 5.161290322580645
1.56 5.161290322580645
1.58 5.161290322580645
1.6 5.161290322580645
1.62 5.161290322580645
1.6400000000000001 5.161290322580645
1.6600000000000001 5.161290322580645
1.68 5.161290322580645
1.7 5.161290322580645
1.72 5.161290322580645
1.74 5.161290322580645
1.76 5.161290322580645
1.78 5.161290322580645
1.8 5.161290322580645
1.82 5.161290322580645
1.84 5.161290322580645
1.86 5.161290322580645
1.8800000000000001 6.451612903225806
1.9000000000000001 5.161290322580645
1.92 5.161290322580645
1.94 6.451612903225806
1.96 6.451612903225806
1.98 6.451612903225806
2.0 6.451612903225806
2.02 5.161290322580645
2.04 6.451612903225806
2.06 6.451612903225806
2.08 6.451612903225806
2.1 6.451612903225806
2.12 6.451612903225806
2.14 5.161290322580645
2.16 6.451612903225806
2.18 6.451612903225806
2.2 6.451612903225806
2.22 6.451612903225806
2.24 6.451612903225806
2.2600000000000002 6.451612903225806
2.2800000000000002 6.451612903225806
2.3000000000000003 6.451612903225806
2.32 6.451612903225806
2.34 6.451612903225806
2.36 6.451612903225806
2.38 6.451612903225806
2.4 6.451612903225806
2.42 6.451612903225806
2.44 6.451612903225806
2.46 6.451612903225806
2.48 6.451612903225806
2.5 6.451612903225806
2.52 6.451612903225806
2.54 6.451612903225806
2.56 5.161290322580645
2.58 6.451612903225806
2.6 6.451612903225806
2.62 5.161290322580645
2.64 5.161290322580645
2.66 5.161290322580645
2.68 5.161290322580645
2.7 6.451612903225806
2.72 5.161290322580645
2.74 5.161290322580645
2.7600000000000002 7.741935483870968
2.7800000000000002 5.161290322580645
2.8000000000000003 6.451612903225806
2.82 5.161290322580645
2.84 6.451612903225806
2.86 6.451612903225806
2.88 7.741935483870968
2.9 7.741935483870968
2.92 6.451612903225806
2.94 6.451612903225806
2.96 6.451612903225806
2.98 7.741935483870968
3.0 7.741935483870968
3.02 7.741935483870968
3.04 7.741935483870968
3.06 7.741935483870968
3.08 7.741935483870968
3.1 7.741935483870968
3.12 7.741935483870968
3.14 7.741935483870968
3.16 7.741935483870968
3.18 7.741935483870968
3.2 9.032258064516128
3.22 7.741935483870968
3.24 9.032258064516128
3.2600000000000002 7.741935483870968
3.2800000000000002 9.032258064516128
3.3000000000000003 7.741935483870968
3.3200000000000003 9.032258064516128
3.34 7.741935483870968
3.36 7.741935483870968
3.38 7.741935483870968
3.4 7.741935483870968
3.42 9.032258064516128
3.44 7.741935483870968
3.46 7.741935483870968
3.48 7.741935483870968
3.5 7.741935483870968
3.52 7.741935483870968
3.54 7.741935483870968
3.56 7.741935483870968
3.58 7.741935483870968
3.6 9.032258064516128
3.62 7.741935483870968
3.64 9.032258064516128
3.66 9.032258064516128
3.68 7.741935483870968
3.7 9.032258064516128
3.72 9.032258064516128
3.74 9.032258064516128
3.7600000000000002 9.032258064516128
3.7800000000000002 9.032258064516128
3.8000000000000003 9.032258064516128
3.8200000000000003 9.032258064516128
3.84 9.032258064516128
3.86 9.032258064516128
3.88 9.032258064516128
3.9 9.032258064516128
3.92 9.032258064516128
3.94 9.032258064516128
3.96 9.032258064516128
3.98 9.032258064516128
4.0 9.032258064516128
4.0200000000000005 9.032258064516128
4.04 9.032258064516128
4.0600000000000005 9.032258064516128
4.08 9.032258064516128
4.1 9.032258064516128
4.12 9.032258064516128
4.14 9.032258064516128
4.16 9.032258064516128
4.18 9.032258064516128
4.2 9.032258064516128
4.22 9.032258064516128
4.24 9.032258064516128
4.26 9.032258064516128
4.28 9.032258064516128
4.3 9.032258064516128
4.32 9.032258064516128
4.34 9.032258064516128
4.36 10.32258064516129
4.38 10.32258064516129
4.4 10.32258064516129
4.42 10.32258064516129
4.44 10.32258064516129
4.46 11.612903225806452
4.48 10.32258064516129
4.5 -3.870967741935484
4.5200000000000005 -3.870967741935484
4.54 -3.870967741935484
4.5600000000000005 -3.870967741935484
4.58 12.903225806451612
4.6000000000000005 12.903225806451612
4.62 12.903225806451612
4.64 14.193548387096774
4.66 14.193548387096774
4.68 14.193548387096774
4.7 14.193548387096774
4.72 14.193548387096774
4.74 14.193548387096774
4.76 14.193548387096774
4.78 14.193548387096774
4.8 14.193548387096774
