0.0 -0.0
0.02 1.2903225806451613
0.04 1.2903225806451613
0.06 -0.0
0.08 -0.0
0.1 -0.0
0.12 -0.0
0.14 -0.0
0.16 -0.0
0.18 -0.0
0.2 -0.0
0.22 -0.0
0.24 -0.0
0.26 -0.0
0.28 -0.0
0.3 -0.0
0.32 -0.0
0.34 -0.0
0.36 -0.0
0.38 -0.0
0.4 -0.0
0.42 -0.0
0.44 -0.0
0.46 -0.0
0.48 -0.0
0.5 -0.0
0.52 -0.0
0.54 -0.0
0.56 -0.0
0.58 -0.0
0.6 -0.0
0.62 -0.0
0.64 1.2903225806451613
0.66 1.2903225806451613
0.68 1.2903225806451613
0.7000000000000001 1.2903225806451613
0.72 1.2903225806451613
0.74 1.2903225806451613
0.76 1.2903225806451613
0.78 1.2903225806451613
0.8 1.2903225806451613
0.8200000000000001 1.2903225806451613
0.84 1.2903225806451613
0.86 1.2903225806451613
0.88 1.2903225806451613
0.9 1.2903225806451613
0.92 1.2903225806451613
0.9400000000000001 1.2903225806451613
0.96 1.2903225806451613
0.98 1.2903225806451613
1.0 1.2903225806451613
1.02 1.2903225806451613
1.04 1.2903225806451613
1.06 1.2903225806451613
1.08 1.2903225806451613
1.1 1.2903225806451613
1.12 1.2903225806451613
1.1400000000000001 1.2903225806451613
1.16 1.2903225806451613
1.18 1.2903225806451613
1.2 1.2903225806451613
1.22 1.2903225806451613
1.24 1.2903225806451613
1.26 1.2903225806451613
1.28 1.2903225806451613
1.3 1.2903225806451613
1.32 1.2903225806451613
1.34 1.2903225806451613
1.36 1.2903225806451613
1.3800000000000001 1.2903225806451613
1.4000000000000001 1.2903225806451613
1.42 1.2903225806451613
1.44 1.2903225806451613
1.46 1.2903225806451613
1.48 1.2903225806451613
1.5 1.2903225806451613
1.52 1.2903225806451613
1.54 1.2903225806451613
1.56 1.2903225806451613
1.58 1.2903225806451613
1.6 1.2903225806451613
1.62 1.2903225806451613
1.6400000000000001 1.2903225806451613
1.6600000000000001 1.2903225806451613
1.68 1.2903225806451613
1.7 1.2903225806451613
1.72 1.2903225806451613
1.74 1.2903225806451613
1.76 1.2903225806451613
1.78 1.2903225806451613
1.8 1.2903225806451613
1.82 1.2903225806451613
1.84 1.2903225806451613
1.86 1.2903225806451613
1.8800000000000001 1.2903225806451613
1.9000000000000001 1.2903225806451613
1.92 1.2903225806451613
1.94 1.2903225806451613
1.96 2.5806451612903225
1.98 2.5806451612903225
2.0 2.5806451612903225
2.02 1.2903225806451613
2.04 1.2903225806451613
2.06 2.5806451612903225
2.08 1.2903225806451613
2.1 1.2903225806451613
2.12 1.2903225806451613
2.14 1.2903225806451613
2.16 1.2903225806451613
2.18 1.2903225806451613
2.2 2.5806451612903225
2.22 1.2903225806451613
2.24 2.5806451612903225
2.2600000000000002 1.2903225806451613
2.2800000000000002 1.2903225806451613
2.3000000000000003 2.5806451612903225
2.32 2.5806451612903225
2.34 1.2903225806451613
2.36 2.5806451612903225
2.38 2.5806451612903225
2.4 1.2903225806451613
2.42 1.2903225806451613
2.44 2.5806451612903225
2.46 1.2903225806451613
2.48 2.5806451612903225
2.5 2.5806451612903225
2.52 2.5806451612903225
2.54 2.5806451612903225
2.56 2.5806451612903225
2.58 2.5806451612903225
2.6 1.2903225806451613
2.62 2.5806451612903225
2.64 2.5806451612903225
2.66 2.5806451612903225
2.68 2.5806451612903225
2.7 2.5806451612903225
2.72 2.5806451612903225
2.74 2.5806451612903225
2.7600000000000002 2.5806451612903225
2.7800000000000002 2.5806451612903225
2.8000000000000003 2.5806451612903225
2.82 2.5806451612903225
2.84 2.5806451612903225
2.86 2.5806451612903225
2.88 2.5806451612903225
2.9 2.5806451612903225
2.92 2.5806451612903225
2.94 2.5806451612903225
2.96 2.5806451612903225
2.98 2.5806451612903225
3.0 2.5806451612903225
3.02 2.5806451612903225
3.04 2.5806451612903225
3.06 2.5806451612903225
3.08 2.5806451612903225
3.1 2.5806451612903225
3.12 2.5806451612903225
3.14 2.5806451612903225
3.16 2.5806451612903225
3.18 2.5806451612903225
3.2 2.5806451612903225
3.22 2.5806451612903225
3.24 2.5806451612903225
3.2600000000000002 2.5806451612903225
3.2800000000000002 2.5806451612903225
3.3000000000000003 2.5806451612903225
3.3200000000000003 2.5806451612903225
3.34 2.5806451612903225
3.36 2.5806451612903225
3.38 2.5806451612903225
3.4 2.5806451612903225
3.42 2.5806451612903225
3.44 2.5806451612903225
3.46 2.5806451612903225
3.48 2.5806451612903225
3.5 2.5806451612903225
3.52 2.5806451612903225
3.54 2.5806451612903225
3.56 2.5806451612903225
3.58 2.5806451612903225
3.6 2.5806451612903225
3.62 2.5806451612903225
3.64 2.5806451612903225
3.66 2.5806451612903225
3.68 2.5806451612903225
3.7 2.5806451612903225
3.72 2.5806451612903225
3.74 2.5806451612903225
3.7600000000000002 2.5806451612903225
3.7800000000000002 2.5806451612903225
3.8000000000000003 2.5806451612903225
3.8200000000000003 2.5806451612903225
3.84 2.5806451612903225
3.86 2.5806451612903225
3.88 2.5806451612903225
3.9 2.5806451612903225
3.92 2.5806451612903225
3.94 2.5806451612903225
3.96 2.5806451612903225
3.98 2.5806451612903225
4.0 2.5806451612903225
4.0200000000000005 2.5806451612903225
4.04 2.5806451612903225
4.0600000000000005 2.5806451612903225
4.08 2.5806451612903225
4.1 2.5806451612903225
4.12 2.5806451612903225
4.14 2.5806451612903225
4.16 2.5806451612903225
4.18 2.5806451612903225
4.2 2.5806451612903225
4.22 2.5806451612903225
4.24 2.5806451612903225
4.26 2.5806451612903225
4.28 2.5806451612903225
4.3 2.5806451612903225
4.32 2.5806451612903225
4.34 2.5806451612903225
4.36 2.5806451612903225
4.38 2.5806451612903225
4.4 2.5806451612903225
4.42 2.5806451612903225
4.44 2.5806451612903225
4.46 2.5806451612903225
4.48 2.5806451612903225
4.5 2.5806451612903225
4.5200000000000005 2.5806451612903225
4.54 2.5806451612903225
4.5600000000000005 2.5806451612903225
4.58 2.5806451612903225
4.6000000000000005 2.5806451612903225
4.62 2.5806451612903225
4.64 2.5806451612903225
4.66 2.5806451612903225
4.68 2.5806451612903225
4.7 2.5806451612903225
4.72 2.5806451612903225
4.74 2.5806451612903225
4.76 2.5806451612903225
4.78 2.5806451612903225
4.8 2.5806451612903225
4.82 2.5806451612903225
4.84 2.5806451612903225
4.86 2.5806451612903225
4.88 2.5806451612903225
4.9 2.5806451612903225
4.92 2.5806451612903225
4.94 2.5806451612903225
4.96 2.5806451612903225
4.98 2.5806451612903225
5.0 2.5806451612903225
5.0200000000000005 2.5806451612903225
5.04 2.5806451612903225
5.0600000000000005 2.5806451612903225
5.08 2.5806451612903225
5.1000000000000005 2.5806451612903225
5.12 2.5806451612903225
5.14 2.5806451612903225
5.16 2.5806451612903225
5.18 2.5806451612903225
5.2 2.5806451612903225
5.22 2.5806451612903225
5.24 2.5806451612903225
5.26 2.5806451612903225
5.28 2.5806451612903225
5.3 2.5806451612903225
5.32 2.5806451612903225
5.34 2.5806451612903225
5.36 2.5806451612903225
5.38 2.5806451612903225
5.4 2.5806451612903225
5.42 2.5806451612903225
5.44 2.5806451612903225
5.46 2.5806451612903225
5.48 3.870967741935484
5.5 2.5806451612903225
5.5200000000000005 2.5806451612903225
5.54 3.870967741935484
5.5600000000000005 2.5806451612903225
5.58 3.870967741935484
5.6000000000000005 2.5806451612903225
5.62 2.5806451612903225
5.64 2.5806451612903225
5.66 2.5806451612903225
5.68 3.870967741935484
5.7 3.870967741935484
5.72 2.5806451612903225
5.74 2.5806451612903225
5.76 3.870967741935484
5.78 3.870967741935484
5.8 2.5806451612903225
5.82 3.870967741935484
5.84 2.5806451612903225
5.86 3.870967741935484
5.88 3.870967741935484
5.9 3.870967741935484
5.92 3.870967741935484
5.94 3.870967741935484
5.96 3.870967741935484
5.98 3.870967741935484
6.0 3.870967741935484
6.0200000000000005 3.870967741935484
6.04 3.870967741935484
6.0600000000000005 2.5806451612903225
6.08 3.870967741935484
6.1000000000000005 3.870967741935484
6.12 3.870967741935484
6.140000000000001 3.870967741935484
6.16 3.870967741935484
6.18 3.870967741935484
6.2 3.870967741935484
6.22 3.870967741935484
6.24 3.870967741935484
6.26 3.870967741935484
6.28 3.870967741935484
6.3 3.870967741935484
6.32 3.870967741935484
6.34 3.870967741935484
6.36 3.870967741935484
6.38 3.870967741935484
6.4 3.870967741935484
6.42 3.870967741935484
6.44 3.870967741935484
6.46 3.870967741935484
6.48 3.870967741935484
6.5 3.870967741935484
6.5200000000000005 3.870967741935484
6.54 3.870967741935484
6.5600000000000005 3.870967741935484
6.58 3.870967741935484
6.6000000000000005 3.870967741935484
6.62 3.870967741935484
6.640000000000001 3.870967741935484
6.66 3.870967741935484
6.68 3.870967741935484
6.7 3.870967741935484
6.72 3.870967741935484
6.74 3.870967741935484
6.76 3.870967741935484
6.78 3.870967741935484
6.8 3.870967741935484
6.82 3.870967741935484
6.84 3.870967741935484
6.86 3.870967741935484
6.88 3.870967741935484
6.9 3.870967741935484
6.92 3.870967741935484
6.94 3.870967741935484
6.96 3.870967741935484
6.98 3.870967741935484
7.0 3.870967741935484
7.0200000000000005 3.870967741935484
7.04 3.870967741935484
7.0600000000000005 3.870967741935484
7.08 3.870967741935484
7.1000000000000005 3.870967741935484
7.12 3.870967741935484
7.140000000000001 3.870967741935484
7.16 3.870967741935484
7.18 3.870967741935484
7.2 3.870967741935484
7.22 3.870967741935484
7.24 3.870967741935484
7.26 3.870967741935484
7.28 3.870967741935484
7.3 3.870967741935484
7.32 3.870967741935484
7.34 3.870967741935484
7.36 3.870967741935484
7.38 3.870967741935484
7.4 3.870967741935484
7.42 3.870967741935484
7.44 3.870967741935484
7.46 3.870967741935484
7.48 3.870967741935484
7.5 3.870967741935484
7.5200000000000005 3.870967741935484
7.54 3.870967741935484
7.5600000000000005 3.870967741935484
7.58 3.870967741935484
7.6000000000000005 3.870967741935484
7.62 3.870967741935484
7.640000000000001 3.870967741935484
7.66 3.870967741935484
7.68 3.870967741935484
7.7 3.870967741935484
7.72 3.870967741935484
7.74 3.870967741935484
7.76 3.870967741935484
7.78 3.870967741935484
7.8 3.870967741935484
7.82 3.870967741935484
7.84 3.870967741935484
7.86 3.870967741935484
7.88 3.870967741935484
7.9 3.870967741935484
7.92 3.870967741935484
7.94 3.870967741935484
7.96 3.870967741935484
7.98 3.870967741935484
8.0 3.870967741935484
8.02 3.870967741935484
8.040000000000001 3.870967741935484
8.06 3.870967741935484
8.08 3.870967741935484
8.1 3.870967741935484
8.120000000000001 3.870967741935484
8.14 3.870967741935484
8.16 3.870967741935484
8.18 3.870967741935484
8.2 3.870967741935484
8.22 3.870967741935484
8.24 3.870967741935484
8.26 3.870967741935484
8.28 3.870967741935484
8.3 3.870967741935484
8.32 3.870967741935484
8.34 3.870967741935484
8.36 3.870967741935484
8.38 3.870967741935484
