0 0
0.02 1.290322581
0.04 1.290322581
0.06 0
0.08 1.290322581
0.1  1.290322581
0.12 0
0.14 0
0.16 0
0.18 0
0.2  1.290322581
0.22 1.290322581
0.24 0
0.26 2.580645161
0.28 2.580645161
0.3  2.580645161
0.32 2.580645161
0.34 2.580645161
0.36 2.580645161
0.38 2.580645161
0.4  2.580645161
0.42 2.580645161
0.44 2.580645161
0.46 2.580645161
0.48 2.580645161
0.5  2.580645161
0.52 2.580645161
0.54 2.580645161
0.56 2.580645161
0.58 2.580645161
0.6  2.580645161
0.62 2.580645161
0.64 2.580645161
0.66 2.580645161
0.68 2.580645161
0.7  2.580645161
0.72 2.580645161
0.74 2.580645161
0.76 2.580645161
0.78 2.580645161
0.8  2.580645161
0.82 2.580645161
0.84 2.580645161
0.86 2.580645161
0.88 2.580645161
0.9  2.580645161
0.92 2.580645161
0.94 2.580645161
0.96 2.580645161
0.98 2.580645161
1    2.580645161
1.02 2.580645161
1.04 2.580645161
1.06 2.580645161
1.08 2.580645161
1.1  2.580645161
1.12 2.580645161
1.14 2.580645161
1.16 2.580645161
1.18 2.580645161
1.2  2.580645161
1.22 2.580645161
1.24 2.580645161
1.26 2.580645161
1.28 2.580645161
1.3  2.580645161
1.32 2.580645161
1.34 2.580645161
1.36 2.580645161
1.38 2.580645161
1.4  2.580645161
1.42 2.580645161
1.44 2.580645161
1.46 2.580645161
1.48 2.580645161
1.5  2.580645161
1.52 2.580645161
1.54 2.580645161
1.56 2.580645161
1.58 2.580645161
1.6  2.580645161
1.62 2.580645161
1.64 2.580645161
1.66 2.580645161
1.68 2.580645161
1.7  2.580645161
1.72 2.580645161
1.74 2.580645161
1.76 2.580645161
1.78 2.580645161
1.8  2.580645161
1.82 2.580645161
1.84 2.580645161
1.86 2.580645161
1.88 2.580645161
1.9  2.580645161
1.92 2.580645161
1.94 2.580645161
1.96 2.580645161
1.98 2.580645161
2    2.580645161
2.02 2.580645161
2.04 2.580645161
2.06 2.580645161
2.08 2.580645161
2.1  2.580645161
2.12 2.580645161
2.14 2.580645161
2.16 2.580645161
2.18 2.580645161
2.2  2.580645161
2.22 2.580645161
2.24 2.580645161
2.26 2.580645161
2.28 2.580645161
2.3  2.580645161
2.32 2.580645161
2.34 2.580645161
2.36 2.580645161
2.38 2.580645161
2.4  2.580645161
2.42 2.580645161
2.44 2.580645161
2.46 2.580645161
2.48 3.870967742
2.5  2.580645161
2.52 3.870967742
2.54 3.870967742
2.56 2.580645161
2.58 3.870967742
2.6  2.580645161
2.62 2.580645161
2.64 3.870967742
2.66 2.580645161
2.68 3.870967742
2.7  3.870967742
2.72 3.870967742
2.74 3.870967742
2.76 2.580645161
2.78 2.580645161
2.8  2.580645161
2.82 2.580645161
2.84 2.580645161
2.86 3.870967742
2.88 2.580645161
2.9  3.870967742
2.92 2.580645161
2.94 2.580645161
2.96 2.580645161
2.98 2.580645161
3    2.580645161
3.02 2.580645161
3.04 2.580645161
3.06 2.580645161
3.08 2.580645161
3.1  2.580645161
3.12 3.870967742
3.14 2.580645161
3.16 3.870967742
3.18 3.870967742
3.2  3.870967742
3.22 3.870967742
3.24 2.580645161
3.26 3.870967742
3.28 2.580645161
3.3  2.580645161
3.32 2.580645161
3.34 3.870967742
3.36 2.580645161
3.38 2.580645161
3.4  3.870967742
3.42 3.870967742
3.44 3.870967742
3.46 2.580645161
3.48 3.870967742
3.5  3.870967742
3.52 3.870967742
3.54 3.870967742
3.56 3.870967742
3.58 3.870967742
3.6  3.870967742
3.62 3.870967742
3.64 3.870967742
3.66 2.580645161
3.68 3.870967742
3.7  3.870967742
3.72 3.870967742
3.74 3.870967742
3.76 3.870967742
3.78 3.870967742
3.8  3.870967742
3.82 2.580645161
3.84 3.870967742
3.86 2.580645161
3.88 2.580645161
3.9  3.870967742
3.92 3.870967742
3.94 3.870967742
3.96 3.870967742
3.98 3.870967742
4    3.870967742
4.02 3.870967742
4.04 3.870967742
4.06 3.870967742
4.08 3.870967742
4.1  3.870967742
4.12 3.870967742
4.14 3.870967742
4.16 3.870967742
4.18 3.870967742
4.2  3.870967742
4.22 3.870967742
4.24 3.870967742
4.26 3.870967742
4.28 3.870967742