0.0 -0.0
0.02 -0.0
0.04 -0.0
0.06 -0.0
0.08 -0.0
0.1 -0.0
0.12 1.2903225806451613
0.14 1.2903225806451613
0.16 1.2903225806451613
0.18 1.2903225806451613
0.2 1.2903225806451613
0.22 1.2903225806451613
0.24 1.2903225806451613
0.26 1.2903225806451613
0.28 1.2903225806451613
0.3 1.2903225806451613
0.32 1.2903225806451613
0.34 1.2903225806451613
0.36 1.2903225806451613
0.38 1.2903225806451613
0.4 1.2903225806451613
0.42 1.2903225806451613
0.44 1.2903225806451613
0.46 1.2903225806451613
0.48 1.2903225806451613
0.5 2.5806451612903225
0.52 2.5806451612903225
0.54 2.5806451612903225
0.56 2.5806451612903225
0.58 2.5806451612903225
0.6 2.5806451612903225
0.62 2.5806451612903225
0.64 2.5806451612903225
0.66 2.5806451612903225
0.68 2.5806451612903225
0.7000000000000001 2.5806451612903225
0.72 2.5806451612903225
0.74 2.5806451612903225
0.76 2.5806451612903225
0.78 2.5806451612903225
0.8 2.5806451612903225
0.8200000000000001 2.5806451612903225
0.84 2.5806451612903225
0.86 2.5806451612903225
0.88 2.5806451612903225
0.9 2.5806451612903225
0.92 2.5806451612903225
0.9400000000000001 2.5806451612903225
0.96 2.5806451612903225
0.98 2.5806451612903225
1.0 2.5806451612903225
1.02 2.5806451612903225
1.04 2.5806451612903225
1.06 2.5806451612903225
1.08 2.5806451612903225
1.1 2.5806451612903225
1.12 3.870967741935484
1.1400000000000001 2.5806451612903225
1.16 2.5806451612903225
1.18 3.870967741935484
1.2 3.870967741935484
1.22 3.870967741935484
1.24 3.870967741935484
1.26 3.870967741935484
1.28 3.870967741935484
1.3 3.870967741935484
1.32 3.870967741935484
1.34 3.870967741935484
1.36 3.870967741935484
1.3800000000000001 3.870967741935484
1.4000000000000001 3.870967741935484
1.42 3.870967741935484
1.44 3.870967741935484
1.46 3.870967741935484
1.48 3.870967741935484
1.5 3.870967741935484
1.52 3.870967741935484
1.54 3.870967741935484
1.56 3.870967741935484
1.58 3.870967741935484
1.6 3.870967741935484
1.62 3.870967741935484
1.6400000000000001 3.870967741935484
1.6600000000000001 3.870967741935484
1.68 5.161290322580645
1.7 5.161290322580645
1.72 5.161290322580645
1.74 5.161290322580645
1.76 5.161290322580645
1.78 5.161290322580645
1.8 5.161290322580645
1.82 5.161290322580645
1.84 5.161290322580645
1.86 5.161290322580645
1.8800000000000001 5.161290322580645
1.9000000000000001 6.451612903225806
1.92 6.451612903225806
1.94 6.451612903225806
1.96 7.741935483870968
1.98 7.741935483870968
2.0 7.741935483870968
2.02 9.032258064516128
2.04 9.032258064516128
2.06 9.032258064516128
2.08 9.032258064516128
2.1 9.032258064516128
2.12 9.032258064516128
2.14 9.032258064516128
2.16 9.032258064516128
2.18 9.032258064516128
2.2 9.032258064516128
2.22 9.032258064516128
2.24 9.032258064516128
2.2600000000000002 9.032258064516128
2.2800000000000002 9.032258064516128
2.3000000000000003 9.032258064516128
2.32 9.032258064516128
2.34 10.32258064516129
2.36 10.32258064516129
2.38 10.32258064516129
2.4 10.32258064516129
2.42 10.32258064516129
2.44 11.612903225806452
