0.0 -0.0
0.02 -1.2903225806451613
0.04 -2.5806451612903225
0.06 -2.5806451612903225
0.08 -1.2903225806451613
0.1 -1.2903225806451613
0.12 -1.2903225806451613
0.14 -1.2903225806451613
0.16 -0.0
0.18 -0.0
0.2 -0.0
0.22 -0.0
0.24 -0.0
0.26 -0.0
0.28 -0.0
0.3 -0.0
0.32 -0.0
0.34 1.2903225806451613
0.36 -0.0
0.38 1.2903225806451613
0.4 1.2903225806451613
0.42 1.2903225806451613
0.44 1.2903225806451613
0.46 1.2903225806451613
0.48 1.2903225806451613
0.5 1.2903225806451613
0.52 2.5806451612903225
0.54 2.5806451612903225
0.56 2.5806451612903225
0.58 -1.2903225806451613
