0.0 -0.0
0.02 -0.0
0.04 -0.0
0.06 -0.0
0.08 -0.0
0.1 1.2903225806451613
0.12 1.2903225806451613
0.14 1.2903225806451613
0.16 1.2903225806451613
0.18 1.2903225806451613
0.2 1.2903225806451613
0.22 1.2903225806451613
0.24 1.2903225806451613
0.26 2.5806451612903225
0.28 2.5806451612903225
0.3 2.5806451612903225
0.32 2.5806451612903225
0.34 2.5806451612903225
0.36 2.5806451612903225
0.38 2.5806451612903225
0.4 2.5806451612903225
0.42 2.5806451612903225
0.44 2.5806451612903225
0.46 2.5806451612903225
0.48 2.5806451612903225
0.5 2.5806451612903225
0.52 2.5806451612903225
0.54 2.5806451612903225
0.56 3.870967741935484
0.58 3.870967741935484
0.6 3.870967741935484
0.62 3.870967741935484
0.64 3.870967741935484
0.66 3.870967741935484
0.68 3.870967741935484
0.7000000000000001 3.870967741935484
0.72 3.870967741935484
0.74 3.870967741935484
0.76 3.870967741935484
0.78 3.870967741935484
0.8 3.870967741935484
0.8200000000000001 3.870967741935484
0.84 3.870967741935484
0.86 3.870967741935484
0.88 3.870967741935484
0.9 5.161290322580645
0.92 5.161290322580645
0.9400000000000001 5.161290322580645
0.96 5.161290322580645
0.98 5.161290322580645
1.0 5.161290322580645
1.02 5.161290322580645
1.04 5.161290322580645
1.06 5.161290322580645
1.08 5.161290322580645
1.1 5.161290322580645
