0.0 -0.0
0.02 -0.0
0.04 -2.5806451612903225
0.06 -1.2903225806451613
0.08 -1.2903225806451613
0.1 -1.2903225806451613
0.12 -1.2903225806451613
0.14 2.5806451612903225
0.16 -0.0
0.18 -0.0
0.2 -0.0
0.22 -0.0
0.24 2.5806451612903225
0.26 2.5806451612903225
0.28 2.5806451612903225
0.3 1.2903225806451613
0.32 1.2903225806451613
0.34 1.2903225806451613
0.36 1.2903225806451613
0.38 1.2903225806451613
0.4 1.2903225806451613
0.42 1.2903225806451613
0.44 1.2903225806451613
0.46 2.5806451612903225
0.48 2.5806451612903225
0.5 3.870967741935484
0.52 3.870967741935484
0.54 3.870967741935484
0.56 2.5806451612903225
0.58 2.5806451612903225
0.6 2.5806451612903225
0.62 3.870967741935484
0.64 3.870967741935484
0.66 3.870967741935484
0.68 3.870967741935484
0.7000000000000001 3.870967741935484
0.72 3.870967741935484
0.74 5.161290322580645
0.76 3.870967741935484
0.78 3.870967741935484
0.8 5.161290322580645
0.8200000000000001 5.161290322580645
0.84 5.161290322580645
0.86 5.161290322580645
0.88 5.161290322580645
0.9 5.161290322580645
0.92 5.161290322580645
0.9400000000000001 6.451612903225806
0.96 6.451612903225806
0.98 6.451612903225806
1.0 6.451612903225806
1.02 6.451612903225806
1.04 6.451612903225806
1.06 6.451612903225806
1.08 6.451612903225806
1.1 6.451612903225806
1.12 7.741935483870968
1.1400000000000001 7.741935483870968
1.16 7.741935483870968
1.18 7.741935483870968
1.2 7.741935483870968
1.22 7.741935483870968
1.24 7.741935483870968
1.26 7.741935483870968
1.28 7.741935483870968
1.3 7.741935483870968
1.32 7.741935483870968
1.34 7.741935483870968
1.36 7.741935483870968
1.3800000000000001 7.741935483870968
1.4000000000000001 7.741935483870968
1.42 7.741935483870968
1.44 7.741935483870968
1.46 7.741935483870968
1.48 7.741935483870968
1.5 7.741935483870968
1.52 7.741935483870968
1.54 7.741935483870968
1.56 7.741935483870968
1.58 6.451612903225806
