0.0 -0.0
0.02 -0.0
0.04 -0.0
0.06 -0.0
0.08 -0.0
0.1 -0.0
0.12 1.2903225806451613
0.14 1.2903225806451613
0.16 1.2903225806451613
0.18 1.2903225806451613
0.2 1.2903225806451613
0.22 1.2903225806451613
0.24 1.2903225806451613
0.26 1.2903225806451613
0.28 1.2903225806451613
0.3 1.2903225806451613
0.32 1.2903225806451613
0.34 1.2903225806451613
0.36 1.2903225806451613
0.38 1.2903225806451613
0.4 1.2903225806451613
0.42 1.2903225806451613
0.44 1.2903225806451613
0.46 1.2903225806451613
0.48 1.2903225806451613
0.5 1.2903225806451613
0.52 1.2903225806451613
0.54 1.2903225806451613
0.56 1.2903225806451613
0.58 1.2903225806451613
0.6 1.2903225806451613
0.62 1.2903225806451613
0.64 1.2903225806451613
0.66 1.2903225806451613
0.68 1.2903225806451613
0.7000000000000001 1.2903225806451613
0.72 1.2903225806451613
0.74 1.2903225806451613
0.76 1.2903225806451613
0.78 1.2903225806451613
0.8 2.5806451612903225
0.8200000000000001 2.5806451612903225
0.84 2.5806451612903225
0.86 2.5806451612903225
0.88 2.5806451612903225
0.9 2.5806451612903225
0.92 2.5806451612903225
0.9400000000000001 2.5806451612903225
0.96 2.5806451612903225
0.98 2.5806451612903225
1.0 2.5806451612903225
1.02 2.5806451612903225
1.04 2.5806451612903225
1.06 2.5806451612903225
1.08 2.5806451612903225
1.1 2.5806451612903225
1.12 2.5806451612903225
1.1400000000000001 2.5806451612903225
1.16 2.5806451612903225
1.18 2.5806451612903225
1.2 2.5806451612903225
1.22 2.5806451612903225
1.24 2.5806451612903225
1.26 2.5806451612903225
1.28 2.5806451612903225
1.3 2.5806451612903225
1.32 2.5806451612903225
1.34 2.5806451612903225
1.36 2.5806451612903225
1.3800000000000001 2.5806451612903225
1.4000000000000001 2.5806451612903225
1.42 2.5806451612903225
1.44 2.5806451612903225
1.46 2.5806451612903225
1.48 2.5806451612903225
1.5 2.5806451612903225
1.52 2.5806451612903225
1.54 2.5806451612903225
1.56 2.5806451612903225
1.58 2.5806451612903225
1.6 2.5806451612903225
1.62 2.5806451612903225
1.6400000000000001 2.5806451612903225
1.6600000000000001 2.5806451612903225
1.68 2.5806451612903225
1.7 2.5806451612903225
1.72 2.5806451612903225
1.74 2.5806451612903225
1.76 2.5806451612903225
1.78 2.5806451612903225
1.8 2.5806451612903225
1.82 2.5806451612903225
1.84 2.5806451612903225
1.86 2.5806451612903225
1.8800000000000001 2.5806451612903225
1.9000000000000001 2.5806451612903225
1.92 2.5806451612903225
1.94 2.5806451612903225
1.96 2.5806451612903225
1.98 2.5806451612903225
2.0 2.5806451612903225
2.02 2.5806451612903225
2.04 2.5806451612903225
2.06 2.5806451612903225
2.08 2.5806451612903225
2.1 2.5806451612903225
2.12 2.5806451612903225
2.14 2.5806451612903225
2.16 2.5806451612903225
2.18 2.5806451612903225
2.2 3.870967741935484
2.22 3.870967741935484
2.24 3.870967741935484
2.2600000000000002 2.5806451612903225
2.2800000000000002 3.870967741935484
2.3000000000000003 2.5806451612903225
2.32 3.870967741935484
2.34 3.870967741935484
2.36 3.870967741935484
2.38 3.870967741935484
2.4 3.870967741935484
2.42 3.870967741935484
2.44 3.870967741935484
2.46 3.870967741935484
2.48 3.870967741935484
2.5 3.870967741935484
2.52 3.870967741935484
2.54 3.870967741935484
2.56 3.870967741935484
2.58 3.870967741935484
2.6 3.870967741935484
2.62 3.870967741935484
2.64 3.870967741935484
2.66 3.870967741935484
2.68 3.870967741935484
2.7 3.870967741935484
2.72 3.870967741935484
2.74 3.870967741935484
2.7600000000000002 3.870967741935484
2.7800000000000002 3.870967741935484
2.8000000000000003 3.870967741935484
2.82 3.870967741935484
2.84 3.870967741935484
