0.0 -0.0
0.02 -0.0
0.04 -0.0
0.06 -0.0
0.08 -0.0
0.1 -0.0
0.12 -0.0
0.14 1.2903225806451613
0.16 1.2903225806451613
0.18 1.2903225806451613
0.2 1.2903225806451613
0.22 1.2903225806451613
0.24 1.2903225806451613
0.26 1.2903225806451613
0.28 1.2903225806451613
0.3 1.2903225806451613
0.32 1.2903225806451613
0.34 2.5806451612903225
0.36 2.5806451612903225
0.38 2.5806451612903225
0.4 2.5806451612903225
0.42 2.5806451612903225
0.44 2.5806451612903225
0.46 2.5806451612903225
0.48 2.5806451612903225
0.5 2.5806451612903225
0.52 2.5806451612903225
0.54 2.5806451612903225
0.56 2.5806451612903225
0.58 2.5806451612903225
0.6 2.5806451612903225
0.62 2.5806451612903225
0.64 2.5806451612903225
0.66 2.5806451612903225
0.68 2.5806451612903225
0.7000000000000001 2.5806451612903225
0.72 2.5806451612903225
0.74 2.5806451612903225
0.76 2.5806451612903225
0.78 2.5806451612903225
0.8 2.5806451612903225
0.8200000000000001 2.5806451612903225
0.84 2.5806451612903225
0.86 2.5806451612903225
0.88 3.870967741935484
0.9 3.870967741935484
0.92 3.870967741935484
0.9400000000000001 3.870967741935484
0.96 3.870967741935484
0.98 3.870967741935484
1.0 3.870967741935484
1.02 3.870967741935484
1.04 3.870967741935484
1.06 3.870967741935484
