res_exp_1 27.096774193548388 9.032258064516128 3
res_exp_2 30.967741935483872 9.032258064516128 3
res_exp_3 33.54838709677419 9.032258064516128 5
res_exp_4 36.774193548387096 9.032258064516128 6
res_exp_5 31.612903225806452 9.032258064516128 6
res_exp_6 24.516129032258064 9.032258064516128 6
res_exp_7 19.35483870967742 9.032258064516128 7
res_exp_8 34.193548387096776 7.741935483870968 7
res_exp_9 25.161290322580644 9.032258064516128 4
res_exp_10 34.193548387096776 7.741935483870968 9
res_exp_11 20.64516129032258 10.32258064516129 8
res_exp_12 25.806451612903224 11.612903225806452 8
res_exp_13 23.870967741935484 11.612903225806452 8
res_exp_14 18.70967741935484 10.32258064516129 6
