0.0 -0.0
0.02 -6.451612903225806
0.04 -6.451612903225806
0.06 -5.161290322580645
0.08 -5.161290322580645
0.1 -3.870967741935484
0.12 -3.870967741935484
0.14 -3.870967741935484
0.16 -2.5806451612903225
0.18 -2.5806451612903225
0.2 -2.5806451612903225
0.22 -2.5806451612903225
0.24 -1.2903225806451613
0.26 -1.2903225806451613
0.28 -1.2903225806451613
0.3 -1.2903225806451613
0.32 -1.2903225806451613
0.34 -1.2903225806451613
0.36 -0.0
0.38 -0.0
0.4 -0.0
0.42 -0.0
0.44 -0.0
0.46 -0.0
0.48 1.2903225806451613
0.5 1.2903225806451613
0.52 1.2903225806451613
0.54 1.2903225806451613
0.56 1.2903225806451613
0.58 1.2903225806451613
0.6 1.2903225806451613
0.62 -2.5806451612903225
0.64 -2.5806451612903225
0.66 -1.2903225806451613
0.68 -0.0
0.7000000000000001 -0.0
0.72 1.2903225806451613
0.74 1.2903225806451613
0.76 -3.870967741935484
0.78 -2.5806451612903225
