0.0 -0.0
0.02 -0.0
0.04 -0.0
0.06 1.2903225806451613
0.08 1.2903225806451613
0.1 1.2903225806451613
0.12 1.2903225806451613
0.14 1.2903225806451613
0.16 1.2903225806451613
0.18 2.5806451612903225
0.2 2.5806451612903225
0.22 2.5806451612903225
0.24 2.5806451612903225
0.26 2.5806451612903225
0.28 2.5806451612903225
0.3 3.870967741935484
0.32 3.870967741935484
0.34 3.870967741935484
0.36 3.870967741935484
0.38 5.161290322580645
0.4 5.161290322580645
0.42 5.161290322580645
0.44 5.161290322580645
0.46 6.451612903225806
0.48 6.451612903225806
0.5 6.451612903225806
0.52 7.741935483870968
0.54 7.741935483870968
0.56 -1.2903225806451613
0.58 -0.0
