0.0 -0.0
0.02 -0.0
0.04 -0.0
0.06 -0.0
0.08 -10.32258064516129
0.1 -10.32258064516129
0.12 -10.32258064516129
0.14 -10.32258064516129
0.16 -10.32258064516129
0.18 -10.32258064516129
0.2 -10.32258064516129
0.22 -10.32258064516129
0.24 -10.32258064516129
0.26 -10.32258064516129
0.28 -10.32258064516129
0.3 -10.32258064516129
0.32 -10.32258064516129
0.34 -10.32258064516129
0.36 -10.32258064516129
0.38 -10.32258064516129
0.4 -10.32258064516129
0.42 -10.32258064516129
0.44 -10.32258064516129
0.46 -10.32258064516129
0.48 -10.32258064516129
0.5 -10.32258064516129
0.52 -10.32258064516129
0.54 -9.032258064516128
0.56 -9.032258064516128
0.58 -9.032258064516128
0.6 -9.032258064516128
0.62 -9.032258064516128
0.64 -9.032258064516128
0.66 -9.032258064516128
0.68 -9.032258064516128
0.7000000000000001 -9.032258064516128
0.72 -10.32258064516129
0.74 -10.32258064516129
0.76 -10.32258064516129
0.78 -10.32258064516129
0.8 -10.32258064516129
0.8200000000000001 -10.32258064516129
0.84 -10.32258064516129
0.86 -10.32258064516129
0.88 -10.32258064516129
0.9 -10.32258064516129
0.92 -10.32258064516129
0.9400000000000001 -10.32258064516129
0.96 -10.32258064516129
0.98 -10.32258064516129
1.0 -10.32258064516129
1.02 -10.32258064516129
1.04 -10.32258064516129
1.06 -10.32258064516129
1.08 -10.32258064516129
1.1 -10.32258064516129
1.12 -10.32258064516129
1.1400000000000001 -10.32258064516129
1.16 -10.32258064516129
1.18 -10.32258064516129
1.2 -10.32258064516129
1.22 -10.32258064516129
1.24 -9.032258064516128
1.26 -9.032258064516128
1.28 -9.032258064516128
1.3 -9.032258064516128
1.32 -9.032258064516128
1.34 -9.032258064516128
1.36 -9.032258064516128
1.3800000000000001 -9.032258064516128
1.4000000000000001 -9.032258064516128
1.42 -9.032258064516128
1.44 -9.032258064516128
1.46 -9.032258064516128
1.48 -9.032258064516128
1.5 -9.032258064516128
1.52 -9.032258064516128
1.54 -9.032258064516128
1.56 -9.032258064516128
1.58 -9.032258064516128
1.6 -9.032258064516128
1.62 -9.032258064516128
1.6400000000000001 -9.032258064516128
1.6600000000000001 -9.032258064516128
1.68 -9.032258064516128
1.7 -9.032258064516128
1.72 -9.032258064516128
1.74 -9.032258064516128
1.76 -9.032258064516128
1.78 -9.032258064516128
1.8 -9.032258064516128
1.82 -9.032258064516128
1.84 -9.032258064516128
1.86 -9.032258064516128
1.8800000000000001 -9.032258064516128
1.9000000000000001 -9.032258064516128
1.92 -7.741935483870968
1.94 -7.741935483870968
1.96 -7.741935483870968
1.98 -7.741935483870968
2.0 -7.741935483870968
2.02 -7.741935483870968
2.04 -7.741935483870968
2.06 -7.741935483870968
2.08 -7.741935483870968
2.1 -7.741935483870968
2.12 -7.741935483870968
2.14 -7.741935483870968
2.16 -7.741935483870968
2.18 -7.741935483870968
2.2 -7.741935483870968
2.22 -7.741935483870968
2.24 -7.741935483870968
2.2600000000000002 -7.741935483870968
2.2800000000000002 -7.741935483870968
2.3000000000000003 -7.741935483870968
2.32 -7.741935483870968
2.34 -7.741935483870968
2.36 -7.741935483870968
2.38 -7.741935483870968
2.4 -7.741935483870968
2.42 -7.741935483870968
2.44 -7.741935483870968
2.46 -7.741935483870968
2.48 -7.741935483870968
2.5 -7.741935483870968
2.52 -7.741935483870968
2.54 -7.741935483870968
2.56 -7.741935483870968
2.58 -7.741935483870968
2.6 -6.451612903225806
2.62 -7.741935483870968
2.64 -6.451612903225806
2.66 -6.451612903225806
2.68 -6.451612903225806
2.7 -6.451612903225806
2.72 -6.451612903225806
2.74 -6.451612903225806
2.7600000000000002 -6.451612903225806
2.7800000000000002 -6.451612903225806
2.8000000000000003 -6.451612903225806
2.82 -6.451612903225806
2.84 -6.451612903225806
2.86 -6.451612903225806
2.88 -6.451612903225806
2.9 -6.451612903225806
2.92 -6.451612903225806
2.94 -6.451612903225806
2.96 -6.451612903225806
2.98 -6.451612903225806
3.0 -6.451612903225806
3.02 -6.451612903225806
3.04 -6.451612903225806
3.06 -6.451612903225806
3.08 -6.451612903225806
3.1 -6.451612903225806
3.12 -6.451612903225806
3.14 -6.451612903225806
3.16 -6.451612903225806
3.18 -6.451612903225806
3.2 -6.451612903225806
3.22 -6.451612903225806
3.24 -6.451612903225806
3.2600000000000002 -6.451612903225806
3.2800000000000002 -6.451612903225806
3.3000000000000003 -6.451612903225806
3.3200000000000003 -6.451612903225806
3.34 -6.451612903225806
3.36 -6.451612903225806
3.38 -6.451612903225806
3.4 -6.451612903225806
3.42 -6.451612903225806
3.44 -6.451612903225806
3.46 -6.451612903225806
3.48 -6.451612903225806
3.5 -6.451612903225806
3.52 -5.161290322580645
3.54 -6.451612903225806
3.56 -5.161290322580645
3.58 -5.161290322580645
3.6 -5.161290322580645
3.62 -5.161290322580645
3.64 -5.161290322580645
3.66 -5.161290322580645
3.68 -5.161290322580645
3.7 -5.161290322580645
3.72 -5.161290322580645
3.74 -5.161290322580645
3.7600000000000002 -5.161290322580645
3.7800000000000002 -5.161290322580645
3.8000000000000003 -5.161290322580645
3.8200000000000003 -5.161290322580645
3.84 -5.161290322580645
3.86 -5.161290322580645
3.88 -5.161290322580645
3.9 -5.161290322580645
3.92 -5.161290322580645
3.94 -5.161290322580645
3.96 -5.161290322580645
3.98 -5.161290322580645
4.0 -5.161290322580645
4.0200000000000005 -5.161290322580645
4.04 -5.161290322580645
4.0600000000000005 -5.161290322580645
4.08 -5.161290322580645
4.1 -5.161290322580645
4.12 -5.161290322580645
4.14 -5.161290322580645
4.16 -5.161290322580645
4.18 -3.870967741935484
4.2 -3.870967741935484
4.22 -3.870967741935484
4.24 -3.870967741935484
4.26 -3.870967741935484
4.28 -3.870967741935484
4.3 -3.870967741935484
4.32 -3.870967741935484
4.34 -3.870967741935484
4.36 -3.870967741935484
4.38 -3.870967741935484
4.4 -3.870967741935484
4.42 -3.870967741935484
4.44 -2.5806451612903225
4.46 -2.5806451612903225
4.48 -2.5806451612903225
4.5 -2.5806451612903225
4.5200000000000005 -2.5806451612903225
4.54 -2.5806451612903225
4.5600000000000005 -2.5806451612903225
4.58 -1.2903225806451613
4.6000000000000005 -1.2903225806451613
4.62 -1.2903225806451613
4.64 -1.2903225806451613
