0.0 -0.0
0.02 -0.0
0.04 -0.0
0.06 -0.0
0.08 -0.0
0.1 -0.0
0.12 1.2903225806451613
0.14 1.2903225806451613
0.16 1.2903225806451613
0.18 1.2903225806451613
0.2 1.2903225806451613
0.22 1.2903225806451613
0.24 1.2903225806451613
0.26 1.2903225806451613
0.28 1.2903225806451613
0.3 1.2903225806451613
0.32 -0.0
0.34 1.2903225806451613
0.36 -0.0
0.38 1.2903225806451613
0.4 -0.0
0.42 -0.0
0.44 -0.0
0.46 -0.0
0.48 -0.0
0.5 2.5806451612903225
0.52 -0.0
0.54 -0.0
0.56 -0.0
0.58 -0.0
0.6 -0.0
0.62 -0.0
0.64 -0.0
0.66 -0.0
0.68 -0.0
0.7000000000000001 -0.0
0.72 -0.0
0.74 1.2903225806451613
0.76 1.2903225806451613
0.78 1.2903225806451613
0.8 1.2903225806451613
0.8200000000000001 -0.0
0.84 1.2903225806451613
0.86 1.2903225806451613
0.88 1.2903225806451613
0.9 1.2903225806451613
0.92 1.2903225806451613
0.9400000000000001 1.2903225806451613
0.96 1.2903225806451613
0.98 1.2903225806451613
1.0 1.2903225806451613
1.02 2.5806451612903225
1.04 2.5806451612903225
1.06 2.5806451612903225
1.08 2.5806451612903225
1.1 2.5806451612903225
1.12 2.5806451612903225
1.1400000000000001 1.2903225806451613
1.16 2.5806451612903225
1.18 2.5806451612903225
1.2 2.5806451612903225
1.22 2.5806451612903225
1.24 2.5806451612903225
1.26 2.5806451612903225
1.28 2.5806451612903225
1.3 2.5806451612903225
1.32 2.5806451612903225
1.34 2.5806451612903225
1.36 2.5806451612903225
1.3800000000000001 2.5806451612903225
1.4000000000000001 2.5806451612903225
1.42 2.5806451612903225
1.44 2.5806451612903225
1.46 2.5806451612903225
1.48 2.5806451612903225
1.5 2.5806451612903225
1.52 2.5806451612903225
1.54 2.5806451612903225
1.56 2.5806451612903225
1.58 2.5806451612903225
1.6 2.5806451612903225
1.62 2.5806451612903225
1.6400000000000001 2.5806451612903225
1.6600000000000001 2.5806451612903225
1.68 2.5806451612903225
1.7 3.870967741935484
1.72 3.870967741935484
1.74 3.870967741935484
1.76 3.870967741935484
1.78 3.870967741935484
1.8 3.870967741935484
1.82 3.870967741935484
1.84 3.870967741935484
1.86 3.870967741935484
1.8800000000000001 3.870967741935484
1.9000000000000001 3.870967741935484
1.92 3.870967741935484
1.94 3.870967741935484
1.96 5.161290322580645
1.98 3.870967741935484
2.0 3.870967741935484
2.02 3.870967741935484
2.04 5.161290322580645
2.06 5.161290322580645
2.08 5.161290322580645
2.1 5.161290322580645
2.12 5.161290322580645
2.14 5.161290322580645
2.16 5.161290322580645
2.18 9.032258064516128
2.2 6.451612903225806
2.22 6.451612903225806
2.24 7.741935483870968
2.2600000000000002 6.451612903225806
2.2800000000000002 7.741935483870968
2.3000000000000003 7.741935483870968
2.32 7.741935483870968
2.34 9.032258064516128
2.36 9.032258064516128
2.38 9.032258064516128
2.4 10.32258064516129
2.42 10.32258064516129
2.44 10.32258064516129
2.46 10.32258064516129
2.48 10.32258064516129
2.5 10.32258064516129
2.52 10.32258064516129
2.54 7.741935483870968
2.56 9.032258064516128
2.58 10.32258064516129
2.6 1.2903225806451613
2.62 2.5806451612903225
