0.0 -0.0
0.02 -0.0
0.04 -0.0
0.06 -0.0
0.08 1.2903225806451613
0.1 1.2903225806451613
0.12 1.2903225806451613
0.14 -0.0
0.16 1.2903225806451613
0.18 1.2903225806451613
0.2 1.2903225806451613
0.22 1.2903225806451613
0.24 1.2903225806451613
0.26 1.2903225806451613
0.28 1.2903225806451613
0.3 1.2903225806451613
0.32 1.2903225806451613
0.34 1.2903225806451613
0.36 1.2903225806451613
0.38 1.2903225806451613
0.4 1.2903225806451613
0.42 1.2903225806451613
0.44 1.2903225806451613
0.46 1.2903225806451613
0.48 2.5806451612903225
0.5 2.5806451612903225
0.52 2.5806451612903225
0.54 2.5806451612903225
0.56 2.5806451612903225
0.58 2.5806451612903225
0.6 2.5806451612903225
0.62 2.5806451612903225
0.64 2.5806451612903225
0.66 2.5806451612903225
0.68 2.5806451612903225
0.7000000000000001 2.5806451612903225
0.72 2.5806451612903225
0.74 2.5806451612903225
0.76 2.5806451612903225
0.78 2.5806451612903225
0.8 2.5806451612903225
0.8200000000000001 2.5806451612903225
0.84 2.5806451612903225
0.86 2.5806451612903225
0.88 2.5806451612903225
0.9 2.5806451612903225
0.92 2.5806451612903225
0.9400000000000001 2.5806451612903225
0.96 2.5806451612903225
0.98 2.5806451612903225
1.0 2.5806451612903225
1.02 2.5806451612903225
1.04 2.5806451612903225
1.06 2.5806451612903225
1.08 2.5806451612903225
1.1 2.5806451612903225
1.12 2.5806451612903225
1.1400000000000001 2.5806451612903225
1.16 3.870967741935484
1.18 2.5806451612903225
1.2 2.5806451612903225
1.22 2.5806451612903225
1.24 2.5806451612903225
1.26 3.870967741935484
1.28 3.870967741935484
1.3 3.870967741935484
1.32 3.870967741935484
1.34 3.870967741935484
1.36 3.870967741935484
1.3800000000000001 3.870967741935484
1.4000000000000001 3.870967741935484
1.42 3.870967741935484
1.44 3.870967741935484
1.46 3.870967741935484
1.48 3.870967741935484
1.5 3.870967741935484
1.52 3.870967741935484
1.54 3.870967741935484
1.56 3.870967741935484
1.58 3.870967741935484
1.6 3.870967741935484
1.62 3.870967741935484
1.6400000000000001 3.870967741935484
1.6600000000000001 3.870967741935484
1.68 3.870967741935484
1.7 3.870967741935484
1.72 3.870967741935484
1.74 3.870967741935484
1.76 3.870967741935484
1.78 3.870967741935484
1.8 3.870967741935484
1.82 3.870967741935484
1.84 3.870967741935484
1.86 3.870967741935484
1.8800000000000001 3.870967741935484
1.9000000000000001 3.870967741935484
1.92 3.870967741935484
1.94 3.870967741935484
1.96 3.870967741935484
1.98 3.870967741935484
2.0 3.870967741935484
2.02 3.870967741935484
2.04 3.870967741935484
2.06 3.870967741935484
2.08 3.870967741935484
2.1 3.870967741935484
2.12 3.870967741935484
2.14 3.870967741935484
2.16 3.870967741935484
2.18 3.870967741935484
2.2 3.870967741935484
2.22 3.870967741935484
2.24 3.870967741935484
2.2600000000000002 3.870967741935484
2.2800000000000002 3.870967741935484
2.3000000000000003 3.870967741935484
2.32 3.870967741935484
2.34 3.870967741935484
2.36 3.870967741935484
2.38 3.870967741935484
2.4 3.870967741935484
2.42 3.870967741935484
2.44 3.870967741935484
2.46 3.870967741935484
2.48 3.870967741935484
2.5 3.870967741935484
2.52 3.870967741935484
2.54 3.870967741935484
2.56 3.870967741935484
2.58 3.870967741935484
2.6 3.870967741935484
2.62 3.870967741935484
2.64 3.870967741935484
2.66 3.870967741935484
2.68 3.870967741935484
2.7 3.870967741935484
2.72 3.870967741935484
2.74 3.870967741935484
2.7600000000000002 3.870967741935484
2.7800000000000002 3.870967741935484
2.8000000000000003 3.870967741935484
2.82 3.870967741935484
2.84 3.870967741935484
2.86 3.870967741935484
2.88 3.870967741935484
2.9 3.870967741935484
2.92 3.870967741935484
2.94 3.870967741935484
2.96 3.870967741935484
2.98 3.870967741935484
3.0 3.870967741935484
3.02 3.870967741935484
3.04 5.161290322580645
3.06 3.870967741935484
3.08 5.161290322580645
3.1 5.161290322580645
3.12 3.870967741935484
3.14 5.161290322580645
3.16 3.870967741935484
3.18 5.161290322580645
3.2 5.161290322580645
3.22 5.161290322580645
3.24 5.161290322580645
3.2600000000000002 5.161290322580645
3.2800000000000002 5.161290322580645
3.3000000000000003 5.161290322580645
3.3200000000000003 5.161290322580645
3.34 5.161290322580645
3.36 5.161290322580645
3.38 5.161290322580645
3.4 5.161290322580645
3.42 5.161290322580645
3.44 5.161290322580645
3.46 5.161290322580645
3.48 5.161290322580645
3.5 5.161290322580645
3.52 5.161290322580645
3.54 5.161290322580645
3.56 5.161290322580645
3.58 5.161290322580645
3.6 5.161290322580645
3.62 5.161290322580645
3.64 5.161290322580645
3.66 5.161290322580645
3.68 5.161290322580645
3.7 5.161290322580645
3.72 5.161290322580645
3.74 5.161290322580645
3.7600000000000002 5.161290322580645
3.7800000000000002 5.161290322580645
3.8000000000000003 5.161290322580645
3.8200000000000003 5.161290322580645
3.84 5.161290322580645
3.86 5.161290322580645
3.88 5.161290322580645
3.9 5.161290322580645
3.92 5.161290322580645
3.94 5.161290322580645
3.96 5.161290322580645
3.98 5.161290322580645
4.0 5.161290322580645
4.0200000000000005 5.161290322580645
4.04 5.161290322580645
4.0600000000000005 5.161290322580645
4.08 5.161290322580645
4.1 5.161290322580645
4.12 5.161290322580645
4.14 5.161290322580645
4.16 5.161290322580645
4.18 5.161290322580645
4.2 5.161290322580645
4.22 5.161290322580645
4.24 5.161290322580645
4.26 5.161290322580645
4.28 5.161290322580645
4.3 5.161290322580645
4.32 5.161290322580645
4.34 5.161290322580645
4.36 5.161290322580645
4.38 5.161290322580645
4.4 5.161290322580645
4.42 5.161290322580645
4.44 5.161290322580645
4.46 5.161290322580645
4.48 5.161290322580645
4.5 5.161290322580645
4.5200000000000005 5.161290322580645
4.54 5.161290322580645
4.5600000000000005 5.161290322580645
4.58 5.161290322580645
4.6000000000000005 5.161290322580645
4.62 5.161290322580645
4.64 5.161290322580645
4.66 5.161290322580645
4.68 5.161290322580645
4.7 5.161290322580645
4.72 5.161290322580645
4.74 5.161290322580645
4.76 5.161290322580645
4.78 5.161290322580645
4.8 5.161290322580645
4.82 5.161290322580645
4.84 5.161290322580645
4.86 5.161290322580645
4.88 5.161290322580645
4.9 5.161290322580645
4.92 5.161290322580645
4.94 5.161290322580645
4.96 5.161290322580645
4.98 5.161290322580645
5.0 5.161290322580645
5.0200000000000005 5.161290322580645
5.04 5.161290322580645
5.0600000000000005 5.161290322580645
5.08 5.161290322580645
5.1000000000000005 5.161290322580645
5.12 5.161290322580645
5.14 5.161290322580645
5.16 5.161290322580645
5.18 5.161290322580645
5.2 5.161290322580645
5.22 5.161290322580645
5.24 5.161290322580645
5.26 5.161290322580645
5.28 5.161290322580645
5.3 5.161290322580645
5.32 5.161290322580645
5.34 5.161290322580645
5.36 5.161290322580645
5.38 5.161290322580645
5.4 5.161290322580645
5.42 6.451612903225806
5.44 5.161290322580645
5.46 5.161290322580645
5.48 5.161290322580645
5.5 6.451612903225806
5.5200000000000005 5.161290322580645
5.54 5.161290322580645
5.5600000000000005 6.451612903225806
5.58 5.161290322580645
5.6000000000000005 5.161290322580645
5.62 5.161290322580645
5.64 6.451612903225806
5.66 5.161290322580645
5.68 6.451612903225806
5.7 5.161290322580645
5.72 6.451612903225806
5.74 6.451612903225806
5.76 5.161290322580645
5.78 6.451612903225806
5.8 6.451612903225806
5.82 6.451612903225806
5.84 6.451612903225806
5.86 6.451612903225806
5.88 6.451612903225806
5.9 6.451612903225806
5.92 6.451612903225806
5.94 6.451612903225806
5.96 6.451612903225806
5.98 6.451612903225806
6.0 6.451612903225806
6.0200000000000005 6.451612903225806
6.04 6.451612903225806
6.0600000000000005 6.451612903225806
6.08 6.451612903225806
6.1000000000000005 6.451612903225806
6.12 6.451612903225806
6.140000000000001 6.451612903225806
6.16 6.451612903225806
6.18 6.451612903225806
6.2 6.451612903225806
6.22 6.451612903225806
6.24 6.451612903225806
6.26 6.451612903225806
6.28 6.451612903225806
6.3 6.451612903225806
6.32 6.451612903225806
6.34 6.451612903225806
6.36 6.451612903225806
6.38 6.451612903225806
6.4 6.451612903225806
6.42 6.451612903225806
6.44 6.451612903225806
6.46 6.451612903225806
6.48 6.451612903225806
6.5 6.451612903225806
6.5200000000000005 6.451612903225806
6.54 6.451612903225806
6.5600000000000005 6.451612903225806
6.58 6.451612903225806
6.6000000000000005 6.451612903225806
6.62 6.451612903225806
6.640000000000001 6.451612903225806
6.66 6.451612903225806
6.68 6.451612903225806
6.7 6.451612903225806
6.72 6.451612903225806
6.74 6.451612903225806
6.76 6.451612903225806
6.78 6.451612903225806
6.8 6.451612903225806
6.82 6.451612903225806
6.84 6.451612903225806
6.86 6.451612903225806
6.88 6.451612903225806
6.9 6.451612903225806
6.92 6.451612903225806
6.94 6.451612903225806
6.96 6.451612903225806
6.98 6.451612903225806
7.0 6.451612903225806
7.0200000000000005 6.451612903225806
7.04 6.451612903225806
7.0600000000000005 6.451612903225806
7.08 6.451612903225806
7.1000000000000005 6.451612903225806
7.12 6.451612903225806
7.140000000000001 6.451612903225806
7.16 6.451612903225806
7.18 6.451612903225806
7.2 6.451612903225806
7.22 6.451612903225806
7.24 6.451612903225806
7.26 6.451612903225806
7.28 6.451612903225806
7.3 6.451612903225806
7.32 6.451612903225806
7.34 6.451612903225806
7.36 6.451612903225806
7.38 6.451612903225806
7.4 6.451612903225806
7.42 6.451612903225806
7.44 6.451612903225806
7.46 6.451612903225806
7.48 6.451612903225806
7.5 6.451612903225806
7.5200000000000005 6.451612903225806
7.54 6.451612903225806
7.5600000000000005 6.451612903225806
7.58 6.451612903225806
7.6000000000000005 6.451612903225806
7.62 6.451612903225806
7.640000000000001 6.451612903225806
7.66 6.451612903225806
7.68 6.451612903225806
7.7 6.451612903225806
7.72 6.451612903225806
7.74 6.451612903225806
7.76 6.451612903225806
7.78 6.451612903225806
7.8 6.451612903225806
7.82 6.451612903225806
7.84 6.451612903225806
7.86 6.451612903225806
7.88 6.451612903225806
7.9 6.451612903225806
7.92 6.451612903225806
7.94 6.451612903225806
7.96 6.451612903225806
7.98 6.451612903225806
8.0 6.451612903225806
8.02 6.451612903225806
8.040000000000001 6.451612903225806
8.06 6.451612903225806
8.08 6.451612903225806
8.1 6.451612903225806
8.120000000000001 6.451612903225806
8.14 6.451612903225806
8.16 6.451612903225806
8.18 6.451612903225806
8.2 6.451612903225806
8.22 6.451612903225806
8.24 6.451612903225806
8.26 6.451612903225806
8.28 6.451612903225806
8.3 6.451612903225806
8.32 6.451612903225806
8.34 6.451612903225806
8.36 6.451612903225806
8.38 6.451612903225806
8.4 6.451612903225806
8.42 6.451612903225806
8.44 6.451612903225806
8.46 6.451612903225806
8.48 6.451612903225806
8.5 6.451612903225806
8.52 6.451612903225806
8.540000000000001 6.451612903225806
8.56 6.451612903225806
8.58 6.451612903225806
8.6 6.451612903225806
8.620000000000001 6.451612903225806
8.64 6.451612903225806
8.66 6.451612903225806
8.68 6.451612903225806
8.700000000000001 6.451612903225806
8.72 6.451612903225806
8.74 6.451612903225806
8.76 6.451612903225806
8.78 6.451612903225806
8.8 6.451612903225806
8.82 6.451612903225806
8.84 6.451612903225806
8.86 6.451612903225806
8.88 6.451612903225806
8.9 6.451612903225806
8.92 6.451612903225806
8.94 6.451612903225806
8.96 6.451612903225806
8.98 6.451612903225806
9.0 6.451612903225806
9.02 6.451612903225806
9.040000000000001 6.451612903225806
9.06 6.451612903225806
9.08 6.451612903225806
9.1 6.451612903225806
9.120000000000001 6.451612903225806
9.14 6.451612903225806
9.16 6.451612903225806
9.18 6.451612903225806
9.200000000000001 6.451612903225806
9.22 6.451612903225806
9.24 6.451612903225806
9.26 6.451612903225806
9.28 6.451612903225806
9.3 6.451612903225806
9.32 6.451612903225806
9.34 6.451612903225806
9.36 6.451612903225806
9.38 6.451612903225806
9.4 6.451612903225806
9.42 6.451612903225806
9.44 6.451612903225806
9.46 6.451612903225806
9.48 6.451612903225806
9.5 6.451612903225806
9.52 6.451612903225806
9.540000000000001 6.451612903225806
9.56 6.451612903225806
9.58 6.451612903225806
9.6 6.451612903225806
9.620000000000001 6.451612903225806
9.64 6.451612903225806
9.66 6.451612903225806
9.68 6.451612903225806
9.700000000000001 6.451612903225806
9.72 6.451612903225806
9.74 6.451612903225806
9.76 6.451612903225806
9.78 6.451612903225806
9.8 6.451612903225806
9.82 6.451612903225806
9.84 6.451612903225806
9.86 6.451612903225806
9.88 6.451612903225806
9.9 6.451612903225806
9.92 6.451612903225806
9.94 6.451612903225806
9.96 6.451612903225806
9.98 6.451612903225806
10.0 6.451612903225806
10.02 6.451612903225806
10.040000000000001 6.451612903225806
10.06 6.451612903225806
10.08 6.451612903225806
10.1 6.451612903225806
10.120000000000001 6.451612903225806
10.14 6.451612903225806
10.16 6.451612903225806
10.18 7.741935483870968
10.200000000000001 7.741935483870968
10.22 7.741935483870968
10.24 7.741935483870968
10.26 6.451612903225806
10.28 6.451612903225806
10.3 6.451612903225806
10.32 6.451612903225806
10.34 6.451612903225806
10.36 7.741935483870968
10.38 6.451612903225806
10.4 6.451612903225806
10.42 7.741935483870968
10.44 6.451612903225806
10.46 6.451612903225806
10.48 7.741935483870968
10.5 6.451612903225806
10.52 6.451612903225806
10.540000000000001 7.741935483870968
10.56 7.741935483870968
10.58 7.741935483870968
10.6 6.451612903225806
10.620000000000001 7.741935483870968
10.64 7.741935483870968
10.66 6.451612903225806
10.68 7.741935483870968
10.700000000000001 7.741935483870968
10.72 7.741935483870968
10.74 7.741935483870968
10.76 7.741935483870968
10.78 7.741935483870968
10.8 6.451612903225806
10.82 7.741935483870968
10.84 7.741935483870968
10.86 7.741935483870968
10.88 7.741935483870968
10.9 7.741935483870968
10.92 7.741935483870968
10.94 7.741935483870968
10.96 7.741935483870968
10.98 7.741935483870968
11.0 7.741935483870968
11.02 7.741935483870968
11.040000000000001 7.741935483870968
11.06 6.451612903225806
11.08 7.741935483870968
11.1 7.741935483870968
11.120000000000001 7.741935483870968
11.14 7.741935483870968
11.16 7.741935483870968
11.18 7.741935483870968
11.200000000000001 7.741935483870968
11.22 7.741935483870968
11.24 7.741935483870968
11.26 7.741935483870968
11.28 7.741935483870968
11.3 7.741935483870968
11.32 7.741935483870968
11.34 7.741935483870968
11.36 7.741935483870968
11.38 7.741935483870968
11.4 7.741935483870968
11.42 7.741935483870968
11.44 7.741935483870968
11.46 7.741935483870968
11.48 7.741935483870968
11.5 7.741935483870968
11.52 7.741935483870968
11.540000000000001 7.741935483870968
11.56 7.741935483870968
11.58 7.741935483870968
11.6 7.741935483870968
11.620000000000001 7.741935483870968
11.64 7.741935483870968
11.66 7.741935483870968
11.68 7.741935483870968
11.700000000000001 7.741935483870968
11.72 7.741935483870968
11.74 7.741935483870968
11.76 7.741935483870968
11.78 7.741935483870968
11.8 7.741935483870968
11.82 7.741935483870968
11.84 7.741935483870968
11.86 7.741935483870968
11.88 7.741935483870968
11.9 7.741935483870968
11.92 7.741935483870968
11.94 7.741935483870968
11.96 7.741935483870968
11.98 7.741935483870968
12.0 7.741935483870968
12.02 7.741935483870968
12.040000000000001 7.741935483870968
12.06 7.741935483870968
12.08 7.741935483870968
12.1 7.741935483870968
12.120000000000001 7.741935483870968
12.14 7.741935483870968
12.16 7.741935483870968
12.18 7.741935483870968
12.200000000000001 7.741935483870968
12.22 7.741935483870968
12.24 7.741935483870968
12.26 7.741935483870968
12.280000000000001 7.741935483870968
12.3 7.741935483870968
12.32 7.741935483870968
12.34 7.741935483870968
12.36 7.741935483870968
12.38 7.741935483870968
12.4 7.741935483870968
12.42 7.741935483870968
12.44 7.741935483870968
12.46 7.741935483870968
12.48 7.741935483870968
12.5 7.741935483870968
12.52 7.741935483870968
12.540000000000001 7.741935483870968
12.56 7.741935483870968
12.58 7.741935483870968
12.6 7.741935483870968
12.620000000000001 7.741935483870968
12.64 7.741935483870968
12.66 7.741935483870968
12.68 7.741935483870968
12.700000000000001 7.741935483870968
12.72 7.741935483870968
12.74 7.741935483870968
12.76 7.741935483870968
12.780000000000001 7.741935483870968
12.8 7.741935483870968
12.82 7.741935483870968
12.84 7.741935483870968
12.86 7.741935483870968
12.88 7.741935483870968
12.9 7.741935483870968
12.92 7.741935483870968
12.94 7.741935483870968
12.96 7.741935483870968
12.98 7.741935483870968
13.0 7.741935483870968
13.02 7.741935483870968
13.040000000000001 7.741935483870968
13.06 7.741935483870968
13.08 7.741935483870968
13.1 7.741935483870968
13.120000000000001 7.741935483870968
13.14 7.741935483870968
13.16 7.741935483870968
13.18 7.741935483870968
13.200000000000001 7.741935483870968
13.22 7.741935483870968
13.24 7.741935483870968
13.26 7.741935483870968
13.280000000000001 7.741935483870968
13.3 7.741935483870968
13.32 7.741935483870968
13.34 7.741935483870968
13.36 7.741935483870968
13.38 7.741935483870968
13.4 7.741935483870968
13.42 7.741935483870968
13.44 7.741935483870968
13.46 7.741935483870968
13.48 7.741935483870968
13.5 7.741935483870968
13.52 7.741935483870968
13.540000000000001 7.741935483870968
13.56 7.741935483870968
13.58 7.741935483870968
13.6 7.741935483870968
13.620000000000001 7.741935483870968
13.64 7.741935483870968
13.66 7.741935483870968
13.68 7.741935483870968
13.700000000000001 7.741935483870968
13.72 7.741935483870968
13.74 7.741935483870968
13.76 7.741935483870968
13.780000000000001 7.741935483870968
13.8 7.741935483870968
13.82 7.741935483870968
13.84 7.741935483870968
13.86 7.741935483870968
13.88 7.741935483870968
13.9 7.741935483870968
13.92 7.741935483870968
13.94 7.741935483870968
13.96 7.741935483870968
13.98 7.741935483870968
14.0 7.741935483870968
14.02 7.741935483870968
14.040000000000001 7.741935483870968
14.06 7.741935483870968
14.08 7.741935483870968
14.1 7.741935483870968
14.120000000000001 7.741935483870968
14.14 7.741935483870968
14.16 7.741935483870968
14.18 7.741935483870968
14.200000000000001 7.741935483870968
14.22 7.741935483870968
14.24 7.741935483870968
14.26 7.741935483870968
14.280000000000001 7.741935483870968
14.3 7.741935483870968
14.32 7.741935483870968
14.34 7.741935483870968
14.36 7.741935483870968
14.38 7.741935483870968
14.4 7.741935483870968
14.42 7.741935483870968
14.44 7.741935483870968
14.46 7.741935483870968
14.48 7.741935483870968
14.5 7.741935483870968
14.52 7.741935483870968
14.540000000000001 7.741935483870968
14.56 7.741935483870968
14.58 7.741935483870968
14.6 7.741935483870968
14.620000000000001 7.741935483870968
14.64 7.741935483870968
14.66 7.741935483870968
14.68 7.741935483870968
14.700000000000001 7.741935483870968
14.72 7.741935483870968
14.74 7.741935483870968
14.76 7.741935483870968
14.780000000000001 7.741935483870968
14.8 7.741935483870968
14.82 7.741935483870968
14.84 7.741935483870968
14.86 7.741935483870968
14.88 7.741935483870968
14.9 7.741935483870968
14.92 7.741935483870968
14.94 7.741935483870968
14.96 7.741935483870968
14.98 7.741935483870968
15.0 7.741935483870968
15.02 7.741935483870968
15.040000000000001 7.741935483870968
15.06 7.741935483870968
15.08 7.741935483870968
15.1 7.741935483870968
15.120000000000001 7.741935483870968
15.14 7.741935483870968
15.16 7.741935483870968
15.18 7.741935483870968
15.200000000000001 7.741935483870968
15.22 7.741935483870968
15.24 7.741935483870968
15.26 7.741935483870968
15.280000000000001 7.741935483870968
15.3 7.741935483870968
15.32 7.741935483870968
15.34 7.741935483870968
15.36 7.741935483870968
15.38 7.741935483870968
15.4 7.741935483870968
15.42 7.741935483870968
15.44 7.741935483870968
15.46 7.741935483870968
15.48 7.741935483870968
15.5 7.741935483870968
15.52 7.741935483870968
15.540000000000001 7.741935483870968
15.56 7.741935483870968
15.58 9.032258064516128
15.6 7.741935483870968
15.620000000000001 9.032258064516128
15.64 7.741935483870968
15.66 7.741935483870968
15.68 9.032258064516128
15.700000000000001 7.741935483870968
15.72 7.741935483870968
15.74 9.032258064516128
