0.0 -0.0
0.02 -0.0
0.04 -0.0
0.06 -0.0
0.08 -0.0
0.1 -0.0
0.12 -0.0
0.14 -0.0
0.16 -0.0
0.18 -0.0
0.2 -0.0
0.22 -0.0
0.24 -0.0
0.26 -0.0
0.28 -0.0
0.3 -0.0
0.32 -0.0
0.34 -0.0
0.36 -0.0
0.38 -0.0
0.4 -0.0
0.42 -0.0
0.44 -0.0
0.46 -0.0
0.48 -0.0
0.5 1.2903225806451613
0.52 -0.0
0.54 -0.0
0.56 -0.0
0.58 -0.0
0.6 1.2903225806451613
0.62 1.2903225806451613
0.64 1.2903225806451613
0.66 1.2903225806451613
0.68 1.2903225806451613
0.7000000000000001 1.2903225806451613
0.72 1.2903225806451613
0.74 1.2903225806451613
0.76 1.2903225806451613
0.78 1.2903225806451613
0.8 1.2903225806451613
0.8200000000000001 2.5806451612903225
0.84 2.5806451612903225
0.86 2.5806451612903225
0.88 2.5806451612903225
0.9 2.5806451612903225
0.92 2.5806451612903225
0.9400000000000001 2.5806451612903225
0.96 2.5806451612903225
0.98 2.5806451612903225
1.0 2.5806451612903225
1.02 2.5806451612903225
1.04 2.5806451612903225
1.06 2.5806451612903225
1.08 2.5806451612903225
1.1 2.5806451612903225
1.12 3.870967741935484
1.1400000000000001 3.870967741935484
1.16 3.870967741935484
1.18 5.161290322580645
