0.0 -0.0
0.02 -0.0
0.04 -0.0
0.06 -0.0
0.08 -0.0
0.1 -0.0
0.12 -0.0
0.14 -0.0
0.16 -0.0
0.18 1.2903225806451613
0.2 1.2903225806451613
0.22 1.2903225806451613
0.24 1.2903225806451613
0.26 1.2903225806451613
0.28 -0.0
0.3 -0.0
0.32 -0.0
0.34 -0.0
0.36 1.2903225806451613
0.38 1.2903225806451613
0.4 1.2903225806451613
0.42 1.2903225806451613
0.44 1.2903225806451613
0.46 1.2903225806451613
0.48 2.5806451612903225
0.5 2.5806451612903225
0.52 2.5806451612903225
0.54 3.870967741935484
0.56 3.870967741935484
0.58 5.161290322580645
0.6 5.161290322580645
0.62 5.161290322580645
0.64 -0.0
