0.0 -0.0
0.02 3.870967741935484
0.04 5.161290322580645
0.06 6.451612903225806
0.08 -0.0
0.1 -0.0
0.12 -1.2903225806451613
0.14 -1.2903225806451613
0.16 -1.2903225806451613
0.18 -1.2903225806451613
0.2 -1.2903225806451613
0.22 -1.2903225806451613
0.24 -1.2903225806451613
0.26 -1.2903225806451613
0.28 -1.2903225806451613
0.3 -1.2903225806451613
0.32 1.2903225806451613
0.34 -0.0
0.36 1.2903225806451613
0.38 1.2903225806451613
0.4 2.5806451612903225
0.42 2.5806451612903225
0.44 3.870967741935484
0.46 5.161290322580645
0.48 5.161290322580645
0.5 6.451612903225806
0.52 -1.2903225806451613
