0.0 -0.0
0.02 1.2903225806451613
0.04 2.5806451612903225
0.06 2.5806451612903225
0.08 2.5806451612903225
0.1 3.870967741935484
0.12 3.870967741935484
0.14 3.870967741935484
0.16 3.870967741935484
0.18 3.870967741935484
0.2 3.870967741935484
0.22 3.870967741935484
0.24 3.870967741935484
0.26 3.870967741935484
0.28 3.870967741935484
0.3 3.870967741935484
0.32 3.870967741935484
0.34 5.161290322580645
0.36 5.161290322580645
0.38 5.161290322580645
0.4 5.161290322580645
0.42 5.161290322580645
0.44 5.161290322580645
0.46 5.161290322580645
0.48 5.161290322580645
0.5 5.161290322580645
0.52 5.161290322580645
0.54 5.161290322580645
0.56 5.161290322580645
0.58 5.161290322580645
0.6 5.161290322580645
0.62 5.161290322580645
0.64 5.161290322580645
0.66 5.161290322580645
0.68 5.161290322580645
0.7000000000000001 5.161290322580645
0.72 5.161290322580645
0.74 5.161290322580645
0.76 5.161290322580645
0.78 5.161290322580645
0.8 5.161290322580645
0.8200000000000001 5.161290322580645
0.84 6.451612903225806
0.86 6.451612903225806
0.88 6.451612903225806
0.9 6.451612903225806
0.92 6.451612903225806
0.9400000000000001 6.451612903225806
0.96 6.451612903225806
0.98 6.451612903225806
1.0 6.451612903225806
1.02 6.451612903225806
1.04 6.451612903225806
1.06 6.451612903225806
1.08 6.451612903225806
1.1 6.451612903225806
1.12 1.2903225806451613
1.1400000000000001 6.451612903225806
1.16 1.2903225806451613
1.18 1.2903225806451613
1.2 1.2903225806451613
1.22 1.2903225806451613
1.24 1.2903225806451613
1.26 1.2903225806451613
1.28 1.2903225806451613
1.3 1.2903225806451613
1.32 1.2903225806451613
1.34 1.2903225806451613
1.36 1.2903225806451613
1.3800000000000001 1.2903225806451613
1.4000000000000001 1.2903225806451613
1.42 1.2903225806451613
1.44 1.2903225806451613
1.46 1.2903225806451613
1.48 1.2903225806451613
1.5 1.2903225806451613
1.52 1.2903225806451613
1.54 1.2903225806451613
1.56 1.2903225806451613
1.58 1.2903225806451613
1.6 1.2903225806451613
1.62 1.2903225806451613
1.6400000000000001 1.2903225806451613
1.6600000000000001 1.2903225806451613
1.68 2.5806451612903225
1.7 1.2903225806451613
1.72 1.2903225806451613
1.74 2.5806451612903225
1.76 2.5806451612903225
1.78 2.5806451612903225
1.8 2.5806451612903225
1.82 2.5806451612903225
1.84 2.5806451612903225
1.86 2.5806451612903225
1.8800000000000001 2.5806451612903225
1.9000000000000001 2.5806451612903225
1.92 2.5806451612903225
1.94 2.5806451612903225
1.96 2.5806451612903225
1.98 2.5806451612903225
2.0 2.5806451612903225
2.02 2.5806451612903225
2.04 2.5806451612903225
2.06 2.5806451612903225
2.08 2.5806451612903225
2.1 2.5806451612903225
2.12 2.5806451612903225
2.14 2.5806451612903225
2.16 2.5806451612903225
2.18 2.5806451612903225
2.2 2.5806451612903225
2.22 2.5806451612903225
2.24 3.870967741935484
2.2600000000000002 3.870967741935484
2.2800000000000002 3.870967741935484
2.3000000000000003 3.870967741935484
2.32 3.870967741935484
2.34 3.870967741935484
2.36 3.870967741935484
2.38 3.870967741935484
2.4 3.870967741935484
2.42 3.870967741935484
2.44 3.870967741935484
2.46 3.870967741935484
2.48 3.870967741935484
2.5 3.870967741935484
2.52 3.870967741935484
2.54 3.870967741935484
2.56 3.870967741935484
2.58 3.870967741935484
2.6 3.870967741935484
2.62 3.870967741935484
2.64 3.870967741935484
2.66 3.870967741935484
2.68 3.870967741935484
2.7 3.870967741935484
2.72 3.870967741935484
2.74 3.870967741935484
2.7600000000000002 3.870967741935484
2.7800000000000002 3.870967741935484
2.8000000000000003 3.870967741935484
2.82 3.870967741935484
2.84 3.870967741935484
2.86 3.870967741935484
2.88 3.870967741935484
2.9 3.870967741935484
2.92 3.870967741935484
2.94 3.870967741935484
2.96 3.870967741935484
2.98 3.870967741935484
3.0 3.870967741935484
3.02 3.870967741935484
3.04 3.870967741935484
3.06 3.870967741935484
3.08 3.870967741935484
3.1 3.870967741935484
3.12 3.870967741935484
3.14 3.870967741935484
3.16 3.870967741935484
3.18 3.870967741935484
3.2 5.161290322580645
3.22 5.161290322580645
3.24 5.161290322580645
3.2600000000000002 5.161290322580645
3.2800000000000002 5.161290322580645
3.3000000000000003 5.161290322580645
3.3200000000000003 5.161290322580645
3.34 5.161290322580645
3.36 5.161290322580645
3.38 5.161290322580645
3.4 5.161290322580645
3.42 5.161290322580645
3.44 5.161290322580645
3.46 5.161290322580645
3.48 5.161290322580645
3.5 5.161290322580645
3.52 5.161290322580645
3.54 5.161290322580645
3.56 5.161290322580645
3.58 5.161290322580645
3.6 5.161290322580645
3.62 5.161290322580645
3.64 5.161290322580645
3.66 5.161290322580645
3.68 5.161290322580645
3.7 5.161290322580645
3.72 5.161290322580645
3.74 5.161290322580645
3.7600000000000002 5.161290322580645
3.7800000000000002 5.161290322580645
3.8000000000000003 5.161290322580645
3.8200000000000003 5.161290322580645
3.84 5.161290322580645
3.86 5.161290322580645
3.88 5.161290322580645
3.9 5.161290322580645
3.92 5.161290322580645
3.94 5.161290322580645
3.96 5.161290322580645
3.98 5.161290322580645
4.0 5.161290322580645
4.0200000000000005 5.161290322580645
4.04 5.161290322580645
4.0600000000000005 5.161290322580645
4.08 5.161290322580645
4.1 5.161290322580645
4.12 5.161290322580645
4.14 5.161290322580645
4.16 5.161290322580645
4.18 5.161290322580645
4.2 5.161290322580645
4.22 5.161290322580645
4.24 5.161290322580645
4.26 5.161290322580645
4.28 5.161290322580645
4.3 5.161290322580645
4.32 5.161290322580645
4.34 5.161290322580645
4.36 5.161290322580645
4.38 5.161290322580645
4.4 6.451612903225806
4.42 6.451612903225806
4.44 6.451612903225806
4.46 6.451612903225806
4.48 6.451612903225806
4.5 6.451612903225806
4.5200000000000005 6.451612903225806
4.54 6.451612903225806
4.5600000000000005 6.451612903225806
4.58 6.451612903225806
4.6000000000000005 6.451612903225806
4.62 6.451612903225806
4.64 6.451612903225806
4.66 6.451612903225806
4.68 6.451612903225806
4.7 6.451612903225806
4.72 6.451612903225806
4.74 6.451612903225806
4.76 6.451612903225806
4.78 6.451612903225806
4.8 6.451612903225806
4.82 6.451612903225806
4.84 6.451612903225806
4.86 6.451612903225806
4.88 6.451612903225806
4.9 6.451612903225806
4.92 6.451612903225806
4.94 6.451612903225806
4.96 6.451612903225806
4.98 6.451612903225806
5.0 6.451612903225806
5.0200000000000005 6.451612903225806
5.04 6.451612903225806
5.0600000000000005 6.451612903225806
5.08 6.451612903225806
5.1000000000000005 6.451612903225806
5.12 6.451612903225806
5.14 6.451612903225806
5.16 6.451612903225806
5.18 6.451612903225806
5.2 6.451612903225806
5.22 6.451612903225806
5.24 6.451612903225806
5.26 6.451612903225806
5.28 6.451612903225806
5.3 6.451612903225806
5.32 6.451612903225806
5.34 6.451612903225806
5.36 6.451612903225806
5.38 6.451612903225806
5.4 6.451612903225806
5.42 6.451612903225806
5.44 6.451612903225806
5.46 6.451612903225806
5.48 6.451612903225806
5.5 6.451612903225806
5.5200000000000005 6.451612903225806
5.54 6.451612903225806
5.5600000000000005 6.451612903225806
5.58 6.451612903225806
5.6000000000000005 6.451612903225806
5.62 6.451612903225806
5.64 6.451612903225806
5.66 6.451612903225806
5.68 6.451612903225806
5.7 6.451612903225806
5.72 6.451612903225806
5.74 6.451612903225806
5.76 6.451612903225806
5.78 6.451612903225806
5.8 6.451612903225806
5.82 6.451612903225806
5.84 6.451612903225806
5.86 6.451612903225806
5.88 6.451612903225806
5.9 6.451612903225806
5.92 6.451612903225806
5.94 6.451612903225806
5.96 6.451612903225806
5.98 6.451612903225806
6.0 6.451612903225806
6.0200000000000005 6.451612903225806
6.04 6.451612903225806
6.0600000000000005 6.451612903225806
6.08 6.451612903225806
6.1000000000000005 6.451612903225806
6.12 6.451612903225806
6.140000000000001 6.451612903225806
6.16 6.451612903225806
6.18 6.451612903225806
6.2 6.451612903225806
6.22 7.741935483870968
6.24 7.741935483870968
6.26 7.741935483870968
6.28 6.451612903225806
6.3 7.741935483870968
6.32 7.741935483870968
6.34 7.741935483870968
6.36 6.451612903225806
6.38 7.741935483870968
6.4 7.741935483870968
6.42 7.741935483870968
6.44 7.741935483870968
6.46 7.741935483870968
6.48 7.741935483870968
6.5 7.741935483870968
6.5200000000000005 7.741935483870968
6.54 7.741935483870968
6.5600000000000005 7.741935483870968
6.58 7.741935483870968
6.6000000000000005 7.741935483870968
6.62 7.741935483870968
6.640000000000001 7.741935483870968
6.66 7.741935483870968
6.68 7.741935483870968
6.7 7.741935483870968
6.72 7.741935483870968
6.74 7.741935483870968
6.76 7.741935483870968
6.78 7.741935483870968
6.8 7.741935483870968
6.82 7.741935483870968
6.84 7.741935483870968
6.86 7.741935483870968
6.88 7.741935483870968
6.9 7.741935483870968
6.92 7.741935483870968
6.94 7.741935483870968
6.96 7.741935483870968
6.98 7.741935483870968
