0.0 -0.0
0.02 -0.0
0.04 1.2903225806451613
0.06 2.5806451612903225
0.08 2.5806451612903225
0.1 2.5806451612903225
0.12 2.5806451612903225
0.14 3.870967741935484
0.16 3.870967741935484
0.18 3.870967741935484
0.2 3.870967741935484
0.22 3.870967741935484
0.24 3.870967741935484
0.26 3.870967741935484
0.28 5.161290322580645
0.3 5.161290322580645
0.32 5.161290322580645
0.34 5.161290322580645
0.36 5.161290322580645
0.38 5.161290322580645
0.4 5.161290322580645
0.42 5.161290322580645
0.44 5.161290322580645
0.46 5.161290322580645
0.48 5.161290322580645
0.5 5.161290322580645
0.52 6.451612903225806
0.54 6.451612903225806
0.56 6.451612903225806
0.58 6.451612903225806
0.6 6.451612903225806
0.62 6.451612903225806
0.64 6.451612903225806
0.66 6.451612903225806
0.68 6.451612903225806
0.7000000000000001 6.451612903225806
0.72 6.451612903225806
0.74 6.451612903225806
0.76 6.451612903225806
0.78 6.451612903225806
0.8 7.741935483870968
0.8200000000000001 7.741935483870968
0.84 7.741935483870968
0.86 7.741935483870968
0.88 7.741935483870968
0.9 7.741935483870968
0.92 7.741935483870968
0.9400000000000001 7.741935483870968
0.96 9.032258064516128
0.98 9.032258064516128
1.0 9.032258064516128
1.02 9.032258064516128
1.04 9.032258064516128
1.06 11.612903225806452
1.08 11.612903225806452
1.1 -0.0
1.12 -0.0
1.1400000000000001 -0.0
