0.0 -0.0
0.02 -0.0
0.04 -0.0
0.06 -0.0
0.08 -0.0
0.1 1.2903225806451613
0.12 1.2903225806451613
0.14 1.2903225806451613
0.16 1.2903225806451613
0.18 1.2903225806451613
0.2 1.2903225806451613
0.22 1.2903225806451613
0.24 1.2903225806451613
0.26 1.2903225806451613
0.28 1.2903225806451613
0.3 1.2903225806451613
0.32 1.2903225806451613
0.34 2.5806451612903225
0.36 2.5806451612903225
0.38 2.5806451612903225
0.4 2.5806451612903225
0.42 2.5806451612903225
0.44 2.5806451612903225
0.46 2.5806451612903225
0.48 2.5806451612903225
0.5 2.5806451612903225
0.52 2.5806451612903225
0.54 2.5806451612903225
0.56 2.5806451612903225
0.58 2.5806451612903225
0.6 2.5806451612903225
0.62 2.5806451612903225
0.64 2.5806451612903225
0.66 2.5806451612903225
0.68 2.5806451612903225
0.7000000000000001 2.5806451612903225
0.72 2.5806451612903225
0.74 2.5806451612903225
0.76 2.5806451612903225
0.78 2.5806451612903225
0.8 2.5806451612903225
0.8200000000000001 2.5806451612903225
0.84 2.5806451612903225
0.86 2.5806451612903225
0.88 2.5806451612903225
0.9 2.5806451612903225
0.92 2.5806451612903225
0.9400000000000001 2.5806451612903225
0.96 2.5806451612903225
0.98 2.5806451612903225
1.0 3.870967741935484
1.02 3.870967741935484
1.04 2.5806451612903225
1.06 3.870967741935484
1.08 3.870967741935484
1.1 3.870967741935484
1.12 3.870967741935484
1.1400000000000001 3.870967741935484
1.16 3.870967741935484
1.18 3.870967741935484
1.2 3.870967741935484
1.22 3.870967741935484
1.24 3.870967741935484
1.26 3.870967741935484
1.28 3.870967741935484
1.3 3.870967741935484
1.32 3.870967741935484
1.34 3.870967741935484
1.36 3.870967741935484
1.3800000000000001 3.870967741935484
1.4000000000000001 3.870967741935484
1.42 3.870967741935484
1.44 3.870967741935484
1.46 3.870967741935484
1.48 3.870967741935484
1.5 3.870967741935484
1.52 3.870967741935484
1.54 3.870967741935484
1.56 3.870967741935484
1.58 3.870967741935484
1.6 3.870967741935484
1.62 3.870967741935484
1.6400000000000001 3.870967741935484
1.6600000000000001 3.870967741935484
1.68 3.870967741935484
1.7 3.870967741935484
1.72 3.870967741935484
1.74 3.870967741935484
1.76 3.870967741935484
1.78 3.870967741935484
1.8 3.870967741935484
1.82 3.870967741935484
1.84 3.870967741935484
1.86 3.870967741935484
1.8800000000000001 3.870967741935484
1.9000000000000001 3.870967741935484
1.92 3.870967741935484
1.94 3.870967741935484
1.96 3.870967741935484
1.98 3.870967741935484
2.0 3.870967741935484
2.02 3.870967741935484
2.04 3.870967741935484
2.06 3.870967741935484
2.08 3.870967741935484
2.1 3.870967741935484
2.12 3.870967741935484
2.14 3.870967741935484
2.16 3.870967741935484
2.18 3.870967741935484
2.2 3.870967741935484
2.22 3.870967741935484
2.24 3.870967741935484
2.2600000000000002 3.870967741935484
2.2800000000000002 3.870967741935484
2.3000000000000003 3.870967741935484
2.32 3.870967741935484
2.34 3.870967741935484
2.36 3.870967741935484
2.38 3.870967741935484
2.4 3.870967741935484
2.42 3.870967741935484
2.44 3.870967741935484
2.46 3.870967741935484
2.48 3.870967741935484
2.5 3.870967741935484
2.52 3.870967741935484
2.54 3.870967741935484
2.56 3.870967741935484
2.58 5.161290322580645
2.6 3.870967741935484
2.62 3.870967741935484
2.64 3.870967741935484
2.66 3.870967741935484
2.68 3.870967741935484
2.7 5.161290322580645
2.72 3.870967741935484
2.74 3.870967741935484
2.7600000000000002 5.161290322580645
2.7800000000000002 5.161290322580645
2.8000000000000003 3.870967741935484
2.82 5.161290322580645
2.84 5.161290322580645
2.86 3.870967741935484
2.88 3.870967741935484
2.9 5.161290322580645
2.92 5.161290322580645
2.94 5.161290322580645
2.96 5.161290322580645
2.98 3.870967741935484
3.0 5.161290322580645
3.02 5.161290322580645
3.04 5.161290322580645
3.06 5.161290322580645
3.08 5.161290322580645
3.1 5.161290322580645
3.12 5.161290322580645
3.14 5.161290322580645
3.16 5.161290322580645
3.18 5.161290322580645
3.2 5.161290322580645
3.22 5.161290322580645
3.24 5.161290322580645
3.2600000000000002 5.161290322580645
3.2800000000000002 5.161290322580645
3.3000000000000003 5.161290322580645
3.3200000000000003 5.161290322580645
3.34 5.161290322580645
3.36 5.161290322580645
3.38 5.161290322580645
3.4 5.161290322580645
3.42 5.161290322580645
3.44 5.161290322580645
3.46 5.161290322580645
3.48 5.161290322580645
3.5 5.161290322580645
3.52 5.161290322580645
3.54 5.161290322580645
3.56 5.161290322580645
3.58 5.161290322580645
3.6 5.161290322580645
3.62 5.161290322580645
3.64 5.161290322580645
3.66 5.161290322580645
3.68 5.161290322580645
3.7 5.161290322580645
3.72 5.161290322580645
3.74 5.161290322580645
3.7600000000000002 5.161290322580645
3.7800000000000002 5.161290322580645
3.8000000000000003 5.161290322580645
3.8200000000000003 -0.0
3.84 5.161290322580645
3.86 5.161290322580645
3.88 5.161290322580645
3.9 5.161290322580645
3.92 5.161290322580645
3.94 5.161290322580645
3.96 -0.0
3.98 5.161290322580645
4.0 5.161290322580645
4.0200000000000005 -0.0
4.04 -0.0
4.0600000000000005 -0.0
4.08 -0.0
4.1 -0.0
4.12 -0.0
4.14 -0.0
4.16 -0.0
4.18 -0.0
4.2 -0.0
4.22 -0.0
4.24 -0.0
4.26 -0.0
4.28 -0.0
4.3 -0.0
4.32 -0.0
4.34 -0.0
4.36 -0.0
4.38 -0.0
4.4 -0.0
4.42 -0.0
4.44 -0.0
4.46 -0.0
4.48 -0.0
4.5 -0.0
4.5200000000000005 -0.0
4.54 -0.0
4.5600000000000005 -0.0
4.58 -0.0
4.6000000000000005 -0.0
4.62 -0.0
4.64 -0.0
4.66 -0.0
4.68 -0.0
4.7 -0.0
4.72 -0.0
4.74 -0.0
4.76 -0.0
4.78 -0.0
4.8 -0.0
4.82 -0.0
4.84 -0.0
4.86 -0.0
4.88 -0.0
4.9 -0.0
4.92 -0.0
4.94 -0.0
4.96 -0.0
4.98 -0.0
5.0 -0.0
5.0200000000000005 -0.0
5.04 -0.0
5.0600000000000005 -0.0
5.08 -0.0
5.1000000000000005 -0.0
5.12 -0.0
5.14 -0.0
5.16 -0.0
5.18 -0.0
5.2 -0.0
5.22 -0.0
5.24 -0.0
5.26 -0.0
5.28 -0.0
5.3 -0.0
5.32 -0.0
5.34 -0.0
5.36 -0.0
5.38 -0.0
5.4 -0.0
5.42 -0.0
5.44 -0.0
5.46 -0.0
5.48 -0.0
5.5 -0.0
5.5200000000000005 -0.0
5.54 -0.0
5.5600000000000005 -0.0
5.58 -0.0
5.6000000000000005 -0.0
5.62 -0.0
5.64 -0.0
5.66 -0.0
5.68 -0.0
5.7 -0.0
5.72 -0.0
5.74 -0.0
5.76 -0.0
5.78 -0.0
5.8 -0.0
5.82 -0.0
5.84 -0.0
5.86 -0.0
5.88 -0.0
5.9 -0.0
5.92 -0.0
5.94 -0.0
5.96 -0.0
5.98 -0.0
